1,1,1000,1000,258.5864562988281,30.0
2,1,1000,1000,265.87603759765625,29.975475311279297
3,1,1000,1000,265.44732666015625,29.92667007446289
4,1,1000,1000,264.2009582519531,29.85382843017578
5,1,1000,1000,263.1567687988281,29.757190704345703
6,1,1000,1000,262.1554260253906,29.636993408203125
7,1,1000,1000,261.15594482421875,29.493473052978516
8,1,1000,1000,260.1607666015625,29.326862335205078
9,1,1000,1000,259.1714172363281,29.137393951416016
10,1,1000,1000,258.1878356933594,28.925294876098633
11,1,1000,1000,257.20989990234375,28.690792083740234
12,1,1000,1000,256.2375793457031,28.43410873413086
13,1,1000,1000,255.2708282470703,28.155467987060547
14,1,1000,1000,254.3096160888672,27.855087280273438
15,1,1000,1000,253.35386657714844,27.533185958862305
16,1,1000,1000,252.403564453125,27.189977645874023
17,1,1000,1000,251.45870971679688,26.8256778717041
18,1,1000,1000,250.51914978027344,26.440494537353516
19,1,1000,1000,249.5850067138672,26.034639358520508
20,1,1000,1000,248.65618896484375,25.60831642150879
21,1,1000,1000,247.73265075683594,25.161731719970703
22,1,1000,1000,246.8143310546875,24.695087432861328
23,1,1000,1000,245.9012451171875,24.208585739135742
24,1,1000,1000,244.99331665039062,23.702423095703125
25,1,1000,1000,244.09059143066406,23.17679786682129
26,1,1000,1000,243.1929931640625,22.63190269470215
27,1,1000,1000,242.3004913330078,22.06793212890625
28,1,1000,1000,241.41302490234375,21.485076904296875
29,1,1000,1000,240.5306396484375,20.88352394104004
30,1,1000,1000,239.65330505371094,20.26346206665039
31,1,1000,1000,238.78091430664062,19.625076293945312
32,1,1000,1000,237.91343688964844,18.968547821044922
33,1,1000,1000,237.05093383789062,18.29405975341797
34,1,1000,1000,236.193359375,17.601791381835938
35,1,1000,1000,235.3406982421875,16.891921997070312
36,1,1000,1000,234.49282836914062,16.16462516784668
37,1,1000,1000,233.64979553222656,15.420076370239258
38,1,1000,1000,232.81158447265625,14.658448219299316
39,1,1000,1000,231.9781036376953,13.879911422729492
40,1,1000,1000,231.14935302734375,13.084634780883789
41,1,1000,1000,230.32533264160156,12.272785186767578
42,1,1000,1000,229.5060577392578,11.44452953338623
43,1,1000,1000,228.69137573242188,10.600030899047852
44,1,1000,1000,227.88133239746094,9.739452362060547
45,1,1000,1000,227.07594299316406,8.862954139709473
46,1,1000,1000,226.59593200683594,8.577980995178223
47,1,1000,1000,226.43661499023438,8.723259925842285
48,1,1000,1000,226.46597290039062,9.021658897399902
49,1,1000,1000,226.49720764160156,9.293011665344238
50,1,1000,1000,226.52227783203125,9.536727905273438
51,1,1000,1000,226.5466766357422,9.753238677978516
52,1,1000,1000,226.5711212158203,9.942914009094238
53,1,1000,1000,226.5955047607422,10.1060791015625
54,1,1000,1000,226.61972045898438,10.243035316467285
55,1,1000,1000,226.64385986328125,10.35406494140625
56,1,1000,1000,226.6678466796875,10.43943977355957
57,1,1000,1000,226.69171142578125,10.499424934387207
58,1,1000,1000,226.7154541015625,10.53427791595459
59,1,1000,1000,226.73910522460938,10.544252395629883
60,1,1000,1000,226.7626190185547,10.5295991897583
61,1,1000,1000,226.7860107421875,10.49056625366211
62,1,1000,1000,226.80929565429688,10.427396774291992
63,1,1000,1000,226.83245849609375,10.340332984924316
64,1,1000,1000,226.8555145263672,10.2296142578125
65,1,1000,1000,226.87844848632812,10.095477104187012
66,1,1000,1000,226.9012451171875,9.938155174255371
67,1,1000,1000,226.92396545410156,9.757881164550781
68,1,1000,1000,226.94656372070312,9.554884910583496
69,1,1000,1000,227.13601684570312,9.352672576904297
70,1,1000,1000,227.56771850585938,9.14409351348877
71,1,1000,1000,227.8733673095703,9.081769943237305
72,1,1000,1000,228.0139923095703,9.120701789855957
73,1,1000,1000,228.03738403320312,9.193278312683105
74,1,1000,1000,228.05770874023438,9.250526428222656
75,1,1000,1000,228.0815887451172,9.282612800598145
76,1,1000,1000,228.10565185546875,9.289774894714355
77,1,1000,1000,228.12953186035156,9.272294044494629
78,1,1000,1000,228.17626953125,9.240269660949707
79,1,1000,1000,228.21383666992188,9.225054740905762
80,1,1000,1000,228.23297119140625,9.225041389465332
81,1,1000,1000,228.2371826171875,9.232577323913574
82,1,1000,1000,228.23370361328125,9.240479469299316
83,1,1000,1000,228.22845458984375,9.245025634765625
84,1,1000,1000,228.22433471679688,9.245871543884277
85,1,1000,1000,228.22195434570312,9.24449348449707
86,1,1000,1000,228.22113037109375,9.242623329162598
87,1,1000,1000,228.22117614746094,9.241347312927246
88,1,1000,1000,228.22142028808594,9.240939140319824
89,1,1000,1000,228.2215576171875,9.241134643554688
90,1,1000,1000,228.2217254638672,9.24153995513916
91,1,1000,1000,228.22189331054688,9.241877555847168
92,1,1000,1000,228.2220458984375,9.24203109741211
93,1,1000,1000,228.22219848632812,9.242024421691895
94,1,1000,1000,228.2223663330078,9.241950988769531
95,1,1000,1000,228.22250366210938,9.241863250732422
96,1,1000,1000,228.22251892089844,9.241815567016602
97,1,1000,1000,228.22232055664062,9.24181079864502
98,1,1000,1000,228.22213745117188,9.241836547851562
99,1,1000,1000,228.22193908691406,9.241850852966309
100,1,1000,1000,228.2218780517578,9.241856575012207
101,1,1000,1000,228.22177124023438,9.241849899291992
102,1,1000,1000,228.22169494628906,9.241840362548828
103,1,1000,1000,228.22177124023438,9.241850852966309
104,1,1000,1000,228.2218017578125,9.241868019104004
105,1,1000,1000,228.22183227539062,9.241846084594727
106,1,1000,1000,228.22186279296875,9.241814613342285
107,1,1000,1000,228.22190856933594,9.241817474365234
108,1,1000,1000,228.22183227539062,9.241832733154297
109,1,1000,1000,228.2216339111328,9.241830825805664
110,1,1000,1000,228.221435546875,9.241815567016602
111,1,1000,1000,228.221435546875,9.241838455200195
112,1,1000,1000,228.22132873535156,9.241842269897461
113,1,1000,1000,228.22120666503906,9.241859436035156
114,1,1000,1000,228.22120666503906,9.24187183380127
115,1,1000,1000,228.2211151123047,9.241875648498535
116,1,1000,1000,228.22084045410156,9.24188232421875
117,1,1000,1000,228.22088623046875,9.24188232421875
118,1,1000,1000,228.220947265625,9.24186897277832
119,1,1000,1000,228.22097778320312,9.241876602172852
120,1,1000,1000,228.22113037109375,9.241896629333496
121,1,1000,1000,228.22128295898438,9.241913795471191
122,1,1000,1000,228.22146606445312,9.241918563842773
123,1,1000,1000,228.2214813232422,9.241923332214355
124,1,1000,1000,228.22145080566406,9.241920471191406
125,1,1000,1000,228.22140502929688,9.241913795471191
126,1,1000,1000,228.221435546875,9.24190902709961
127,1,1000,1000,228.22140502929688,9.241903305053711
128,1,1000,1000,228.22149658203125,9.241911888122559
129,1,1000,1000,228.22154235839844,9.241915702819824
130,1,1000,1000,228.22142028808594,9.241915702819824
131,1,1000,1000,228.22149658203125,9.241913795471191
132,1,1000,1000,228.22152709960938,9.241908073425293
133,1,1000,1000,228.2215118408203,9.241908073425293
134,1,1000,1000,228.22149658203125,9.24190616607666
135,1,1000,1000,228.22149658203125,9.241910934448242
136,1,1000,1000,228.22146606445312,9.24191665649414
137,1,1000,1000,228.221435546875,9.241915702819824
138,1,1000,1000,228.22154235839844,9.241917610168457
139,1,1000,1000,228.221435546875,9.24191665649414
140,1,1000,1000,228.22149658203125,9.241920471191406
141,1,1000,1000,228.22152709960938,9.241914749145508
142,1,1000,1000,228.22137451171875,9.241913795471191
143,1,1000,1000,228.22140502929688,9.241914749145508
144,1,1000,1000,228.22152709960938,9.241911888122559
145,1,1000,1000,228.22157287597656,9.241914749145508
146,1,1000,1000,228.22140502929688,9.241914749145508
147,1,1000,1000,228.221435546875,9.241921424865723
148,1,1000,1000,228.22158813476562,9.24191951751709
149,1,1000,1000,228.22149658203125,9.241915702819824
150,1,1000,1000,228.22146606445312,9.241911888122559
151,1,1000,1000,228.221435546875,9.24190616607666
152,1,1000,1000,228.2215576171875,9.24190902709961
