1,1,1000,1000,201.29067993164062,30.0
2,1,1000,1000,204.09243774414062,29.975475311279297
3,1,1000,1000,203.68215942382812,29.92667007446289
4,1,1000,1000,202.9307861328125,29.85382843017578
5,1,1000,1000,202.25637817382812,29.757190704345703
6,1,1000,1000,201.59951782226562,29.636993408203125
7,1,1000,1000,200.94508361816406,29.493473052978516
8,1,1000,1000,200.2939453125,29.326862335205078
9,1,1000,1000,199.646484375,29.137393951416016
10,1,1000,1000,199.002685546875,28.925294876098633
11,1,1000,1000,198.36253356933594,28.690792083740234
12,1,1000,1000,197.7260284423828,28.43410873413086
13,1,1000,1000,197.09310913085938,28.155467987060547
14,1,1000,1000,196.46377563476562,27.85508918762207
15,1,1000,1000,195.83804321289062,27.533187866210938
16,1,1000,1000,195.21583557128906,27.18998146057129
17,1,1000,1000,194.59713745117188,26.825681686401367
18,1,1000,1000,193.98194885253906,26.440500259399414
19,1,1000,1000,193.37020874023438,26.034645080566406
20,1,1000,1000,192.7620086669922,25.60832405090332
21,1,1000,1000,192.1572265625,25.161741256713867
22,1,1000,1000,191.55584716796875,24.695098876953125
23,1,1000,1000,190.95790100097656,24.20859718322754
24,1,1000,1000,190.36334228515625,23.702436447143555
25,1,1000,1000,189.7721405029297,23.17681121826172
26,1,1000,1000,189.18429565429688,22.63191795349121
27,1,1000,1000,188.59976196289062,22.067949295043945
28,1,1000,1000,188.01856994628906,21.48509407043457
29,1,1000,1000,187.44064331054688,20.883543014526367
30,1,1000,1000,186.86602783203125,20.26348304748535
31,1,1000,1000,186.29464721679688,19.625097274780273
32,1,1000,1000,185.72650146484375,18.968570709228516
33,1,1000,1000,185.16159057617188,18.294084548950195
34,1,1000,1000,184.59982299804688,17.601818084716797
35,1,1000,1000,184.04132080078125,16.891948699951172
36,1,1000,1000,183.4859161376953,16.164653778076172
37,1,1000,1000,182.9337158203125,15.420106887817383
38,1,1000,1000,182.3845977783203,14.658480644226074
39,1,1000,1000,181.83860778808594,13.879945755004883
40,1,1000,1000,181.2957000732422,13.084671020507812
41,1,1000,1000,180.75588989257812,12.272823333740234
42,1,1000,1000,180.2191162109375,11.44456958770752
43,1,1000,1000,179.68539428710938,10.60007381439209
44,1,1000,1000,179.15472412109375,9.739498138427734
45,1,1000,1000,178.62701416015625,8.86300277709961
46,1,1000,1000,178.38192749023438,8.578380584716797
47,1,1000,1000,178.3363037109375,8.723734855651855
48,1,1000,1000,178.36349487304688,9.022007942199707
49,1,1000,1000,178.38893127441406,9.293238639831543
50,1,1000,1000,178.4117889404297,9.536834716796875
51,1,1000,1000,178.4344940185547,9.753227233886719
52,1,1000,1000,178.45726013183594,9.94278621673584
53,1,1000,1000,178.4800262451172,10.10583782196045
54,1,1000,1000,178.50274658203125,10.242681503295898
55,1,1000,1000,178.52545166015625,10.35360050201416
56,1,1000,1000,178.548095703125,10.43886661529541
57,1,1000,1000,178.57070922851562,10.498744010925293
58,1,1000,1000,178.5933074951172,10.533491134643555
59,1,1000,1000,178.61587524414062,10.54336166381836
60,1,1000,1000,178.63839721679688,10.528606414794922
61,1,1000,1000,178.66091918945312,10.489471435546875
62,1,1000,1000,178.68341064453125,10.426202774047852
63,1,1000,1000,178.70584106445312,10.339040756225586
64,1,1000,1000,178.72824096679688,10.228224754333496
65,1,1000,1000,178.75064086914062,10.093992233276367
66,1,1000,1000,178.77297973632812,9.936576843261719
67,1,1000,1000,178.79531860351562,9.756210327148438
68,1,1000,1000,178.817626953125,9.553122520446777
69,1,1000,1000,178.83990478515625,9.327540397644043
70,1,1000,1000,178.86212158203125,9.079689025878906
71,1,1000,1000,178.87252807617188,9.026078224182129
72,1,1000,1000,178.87460327148438,9.094587326049805
73,1,1000,1000,178.8735809326172,9.19373893737793
74,1,1000,1000,178.8726348876953,9.26750659942627
75,1,1000,1000,178.87181091308594,9.315879821777344
76,1,1000,1000,178.87095642089844,9.339163780212402
77,1,1000,1000,178.8701171875,9.337642669677734
78,1,1000,1000,178.8692626953125,9.311582565307617
79,1,1000,1000,178.86842346191406,9.26124095916748
80,1,1000,1000,178.86798095703125,9.227344512939453
81,1,1000,1000,178.86740112304688,9.216682434082031
82,1,1000,1000,178.86659240722656,9.222468376159668
83,1,1000,1000,178.86581420898438,9.233920097351074
84,1,1000,1000,178.8653106689453,9.243109703063965
85,1,1000,1000,178.865234375,9.247089385986328
86,1,1000,1000,178.86532592773438,9.246713638305664
87,1,1000,1000,178.86550903320312,9.24434757232666
88,1,1000,1000,178.86563110351562,9.242056846618652
89,1,1000,1000,178.86566162109375,9.24083137512207
90,1,1000,1000,178.8656768798828,9.24068546295166
91,1,1000,1000,178.86569213867188,9.241141319274902
92,1,1000,1000,178.86968994140625,9.24169635772705
93,1,1000,1000,178.86660766601562,9.242050170898438
94,1,1000,1000,178.86537170410156,9.242148399353027
95,1,1000,1000,178.865234375,9.242074012756348
96,1,1000,1000,178.86546325683594,9.24194622039795
97,1,1000,1000,178.86563110351562,9.241848945617676
98,1,1000,1000,178.86572265625,9.24181079864502
99,1,1000,1000,178.86563110351562,9.241819381713867
100,1,1000,1000,178.8656768798828,9.241847038269043
101,1,1000,1000,178.86561584472656,9.241872787475586
102,1,1000,1000,178.8656768798828,9.2418851852417
103,1,1000,1000,178.86561584472656,9.241886138916016
104,1,1000,1000,178.8656768798828,9.241880416870117
105,1,1000,1000,178.86561584472656,9.241873741149902
106,1,1000,1000,178.8656768798828,9.241869926452637
107,1,1000,1000,178.86561584472656,9.24186897277832
108,1,1000,1000,178.86569213867188,9.241869926452637
109,1,1000,1000,178.86557006835938,9.24187183380127
110,1,1000,1000,178.8655548095703,9.241872787475586
111,1,1000,1000,178.86550903320312,9.241872787475586
112,1,1000,1000,178.86549377441406,9.241872787475586
113,1,1000,1000,178.865478515625,9.241872787475586
114,1,1000,1000,178.86546325683594,9.241872787475586
115,1,1000,1000,178.8654327392578,9.241872787475586
116,1,1000,1000,178.86541748046875,9.241872787475586
117,1,1000,1000,178.8654022216797,9.241872787475586
118,1,1000,1000,178.86538696289062,9.241872787475586
119,1,1000,1000,178.86538696289062,9.241872787475586
120,1,1000,1000,178.86537170410156,9.241872787475586
121,1,1000,1000,178.8653564453125,9.241872787475586
122,1,1000,1000,178.86537170410156,9.241872787475586
123,1,1000,1000,178.8653564453125,9.241872787475586
124,1,1000,1000,178.8653564453125,9.241872787475586
125,1,1000,1000,178.8653564453125,9.241872787475586
126,1,1000,1000,178.86537170410156,9.241872787475586
127,1,1000,1000,178.8653564453125,9.241872787475586
128,1,1000,1000,178.86537170410156,9.241872787475586
129,1,1000,1000,178.8653564453125,9.241872787475586
130,1,1000,1000,178.8653564453125,9.241872787475586
131,1,1000,1000,178.8653564453125,9.241872787475586
132,1,1000,1000,178.8653564453125,9.241872787475586
133,1,1000,1000,178.8653564453125,9.241872787475586
134,1,1000,1000,178.8653564453125,9.241872787475586
135,1,1000,1000,178.8653564453125,9.241872787475586
136,1,1000,1000,178.8653564453125,9.241872787475586
137,1,1000,1000,178.8653564453125,9.241872787475586
138,1,1000,1000,178.8653564453125,9.241872787475586
139,1,1000,1000,178.8653564453125,9.241872787475586
140,1,1000,1000,178.8653564453125,9.241872787475586
141,1,1000,1000,178.8653564453125,9.241872787475586
142,1,1000,1000,178.8653564453125,9.241872787475586
143,1,1000,1000,178.8653564453125,9.241872787475586
144,1,1000,1000,178.8653564453125,9.241872787475586
145,1,1000,1000,178.8653564453125,9.241872787475586
146,1,1000,1000,178.8653564453125,9.241872787475586
147,1,1000,1000,178.8653564453125,9.241872787475586
148,1,1000,1000,178.8653564453125,9.241872787475586
149,1,1000,1000,178.8653564453125,9.241872787475586
150,1,1000,1000,178.8653564453125,9.241872787475586
151,1,1000,1000,178.8653564453125,9.241872787475586
152,1,1000,1000,178.8653564453125,9.241872787475586
153,1,1000,1000,178.86534118652344,9.241872787475586
154,1,1000,1000,178.8653564453125,9.241872787475586
155,1,1000,1000,178.86534118652344,9.241872787475586
156,1,1000,1000,178.8653564453125,9.241872787475586
157,1,1000,1000,178.86534118652344,9.241872787475586
158,1,1000,1000,178.8653564453125,9.241872787475586
159,1,1000,1000,178.86532592773438,9.241872787475586
160,1,1000,1000,178.86532592773438,9.241872787475586
161,1,1000,1000,178.86538696289062,9.241866111755371
162,1,1000,1000,178.86544799804688,9.241857528686523
163,1,1000,1000,178.8654022216797,9.241849899291992
164,1,1000,1000,178.86537170410156,9.241842269897461
165,1,1000,1000,178.8653564453125,9.241840362548828
166,1,1000,1000,178.865234375,9.241842269897461
167,1,1000,1000,178.86520385742188,9.24184513092041
168,1,1000,1000,178.8651580810547,9.24184799194336
169,1,1000,1000,178.86514282226562,9.241848945617676
170,1,1000,1000,178.86514282226562,9.241848945617676
171,1,1000,1000,178.86520385742188,9.241846084594727
172,1,1000,1000,178.86517333984375,9.241847038269043
173,1,1000,1000,178.86514282226562,9.241846084594727
174,1,1000,1000,178.8651123046875,9.241842269897461
175,1,1000,1000,178.8651123046875,9.241844177246094
176,1,1000,1000,178.86509704589844,9.241843223571777
177,1,1000,1000,178.86517333984375,9.241844177246094
178,1,1000,1000,178.8651580810547,9.241844177246094
179,1,1000,1000,178.86514282226562,9.241850852966309
180,1,1000,1000,178.8651123046875,9.24185562133789
181,1,1000,1000,178.8651123046875,9.241847038269043
182,1,1000,1000,178.86512756347656,9.241837501525879
183,1,1000,1000,178.86512756347656,9.241826057434082
184,1,1000,1000,178.86512756347656,9.241820335388184
185,1,1000,1000,178.8651123046875,9.241830825805664
186,1,1000,1000,178.8651123046875,9.241839408874512
187,1,1000,1000,178.8651123046875,9.241847038269043
188,1,1000,1000,178.8651123046875,9.24185562133789
189,1,1000,1000,178.8651580810547,9.24185562133789
190,1,1000,1000,178.86514282226562,9.241847038269043
191,1,1000,1000,178.86509704589844,9.241850852966309
192,1,1000,1000,178.86502075195312,9.24184799194336
193,1,1000,1000,178.8648223876953,9.241840362548828
194,1,1000,1000,178.86476135253906,9.241835594177246
195,1,1000,1000,178.86477661132812,9.241839408874512
196,1,1000,1000,178.86488342285156,9.241838455200195
197,1,1000,1000,178.86489868164062,9.241836547851562
198,1,1000,1000,178.86483764648438,9.24183464050293
199,1,1000,1000,178.86471557617188,9.241843223571777
200,1,1000,1000,178.86465454101562,9.241847038269043
201,1,1000,1000,178.86468505859375,9.241849899291992
202,1,1000,1000,178.86477661132812,9.241848945617676
203,1,1000,1000,178.86477661132812,9.241839408874512
204,1,1000,1000,178.86477661132812,9.241840362548828
205,1,1000,1000,178.86480712890625,9.241842269897461
206,1,1000,1000,178.86489868164062,9.241843223571777
207,1,1000,1000,178.8649444580078,9.241841316223145
208,1,1000,1000,178.86502075195312,9.241843223571777
209,1,1000,1000,178.86508178710938,9.241842269897461
210,1,1000,1000,178.86502075195312,9.241842269897461
211,1,1000,1000,178.86502075195312,9.24184513092041
212,1,1000,1000,178.864990234375,9.241853713989258
213,1,1000,1000,178.86505126953125,9.241850852966309
214,1,1000,1000,178.86502075195312,9.24185848236084
215,1,1000,1000,178.864990234375,9.241863250732422
216,1,1000,1000,178.86497497558594,9.241852760314941
217,1,1000,1000,178.86495971679688,9.241843223571777
218,1,1000,1000,178.86495971679688,9.24184513092041
219,1,1000,1000,178.86502075195312,9.241849899291992
220,1,1000,1000,178.86497497558594,9.241843223571777
221,1,1000,1000,178.864990234375,9.241839408874512
222,1,1000,1000,178.86492919921875,9.241839408874512
223,1,1000,1000,178.86489868164062,9.241849899291992
224,1,1000,1000,178.86495971679688,9.241851806640625
225,1,1000,1000,178.86495971679688,9.241843223571777
226,1,1000,1000,178.86495971679688,9.24183177947998
227,1,1000,1000,178.86497497558594,9.241826057434082
228,1,1000,1000,178.86497497558594,9.241822242736816
229,1,1000,1000,178.86500549316406,9.24183177947998
230,1,1000,1000,178.86495971679688,9.241851806640625
231,1,1000,1000,178.86492919921875,9.24185848236084
232,1,1000,1000,178.86492919921875,9.241844177246094
233,1,1000,1000,178.8649139404297,9.241835594177246
234,1,1000,1000,178.86489868164062,9.241838455200195
235,1,1000,1000,178.8648681640625,9.241844177246094
236,1,1000,1000,178.86483764648438,9.241841316223145
237,1,1000,1000,178.86483764648438,9.241846084594727
238,1,1000,1000,178.86483764648438,9.241847038269043
239,1,1000,1000,178.86483764648438,9.241839408874512
240,1,1000,1000,178.8649139404297,9.241841316223145
241,1,1000,1000,178.86489868164062,9.24184799194336
242,1,1000,1000,178.86488342285156,9.241852760314941
243,1,1000,1000,178.8648681640625,9.241851806640625
244,1,1000,1000,178.8648681640625,9.241850852966309
245,1,1000,1000,178.86483764648438,9.241859436035156
246,1,1000,1000,178.86489868164062,9.24185848236084
247,1,1000,1000,178.8648681640625,9.241843223571777
248,1,1000,1000,178.86477661132812,9.241828918457031
249,1,1000,1000,178.86471557617188,9.2418212890625
250,1,1000,1000,178.86477661132812,9.241814613342285
251,1,1000,1000,178.86474609375,9.241826057434082
252,1,1000,1000,178.8647918701172,9.241835594177246
253,1,1000,1000,178.86489868164062,9.241851806640625
254,1,1000,1000,178.864990234375,9.241865158081055
255,1,1000,1000,178.864990234375,9.24185848236084
256,1,1000,1000,178.86495971679688,9.241844177246094
257,1,1000,1000,178.86495971679688,9.241840362548828
258,1,1000,1000,178.86502075195312,9.241844177246094
259,1,1000,1000,178.86505126953125,9.241832733154297
260,1,1000,1000,178.8650665283203,9.241835594177246
261,1,1000,1000,178.86508178710938,9.241838455200195
262,1,1000,1000,178.86508178710938,9.241850852966309
263,1,1000,1000,178.86508178710938,9.241864204406738
264,1,1000,1000,178.86502075195312,9.24187183380127
265,1,1000,1000,178.8650665283203,9.241870880126953
266,1,1000,1000,178.865234375,9.241846084594727
267,1,1000,1000,178.8653564453125,9.241843223571777
268,1,1000,1000,178.86541748046875,9.241841316223145
269,1,1000,1000,178.86550903320312,9.24184799194336
270,1,1000,1000,178.86553955078125,9.24184799194336
271,1,1000,1000,178.86553955078125,9.241846084594727
272,1,1000,1000,178.86553955078125,9.24184513092041
273,1,1000,1000,178.865478515625,9.241844177246094
274,1,1000,1000,178.86550903320312,9.241846084594727
275,1,1000,1000,178.86550903320312,9.24184513092041
276,1,1000,1000,178.86553955078125,9.241841316223145
277,1,1000,1000,178.86553955078125,9.241844177246094
278,1,1000,1000,178.8655242919922,9.241837501525879
279,1,1000,1000,178.865478515625,9.241838455200195
280,1,1000,1000,178.86544799804688,9.241842269897461
281,1,1000,1000,178.8654022216797,9.241840362548828
282,1,1000,1000,178.8654327392578,9.241842269897461
283,1,1000,1000,178.86544799804688,9.241841316223145
284,1,1000,1000,178.86544799804688,9.24183177947998
285,1,1000,1000,178.86549377441406,9.241825103759766
286,1,1000,1000,178.8655548095703,9.241827011108398
287,1,1000,1000,178.86550903320312,9.241828918457031
288,1,1000,1000,178.86550903320312,9.241837501525879
289,1,1000,1000,178.86537170410156,9.24184513092041
290,1,1000,1000,178.8652801513672,9.24184513092041
291,1,1000,1000,178.86521911621094,9.241836547851562
292,1,1000,1000,178.8651123046875,9.241817474365234
293,1,1000,1000,178.864990234375,9.241839408874512
294,1,1000,1000,178.864990234375,9.241853713989258
295,1,1000,1000,178.86500549316406,9.241867065429688
296,1,1000,1000,178.86502075195312,9.241861343383789
297,1,1000,1000,178.86502075195312,9.241843223571777
298,1,1000,1000,178.864990234375,9.241839408874512
299,1,1000,1000,178.8649139404297,9.24183177947998
300,1,1000,1000,178.8648681640625,9.241840362548828
301,1,1000,1000,178.86489868164062,9.241849899291992
302,1,1000,1000,178.86492919921875,9.241849899291992
303,1,1000,1000,178.86500549316406,9.24185848236084
304,1,1000,1000,178.8650665283203,9.241867065429688
305,1,1000,1000,178.86502075195312,9.241854667663574
306,1,1000,1000,178.86492919921875,9.241851806640625
307,1,1000,1000,178.8648223876953,9.241850852966309
308,1,1000,1000,178.8647003173828,9.241842269897461
309,1,1000,1000,178.8647003173828,9.241846084594727
310,1,1000,1000,178.86477661132812,9.241846084594727
311,1,1000,1000,178.86483764648438,9.241844177246094
312,1,1000,1000,178.86480712890625,9.241849899291992
313,1,1000,1000,178.86485290527344,9.241849899291992
314,1,1000,1000,178.86483764648438,9.241840362548828
315,1,1000,1000,178.86488342285156,9.24184513092041
316,1,1000,1000,178.86489868164062,9.241840362548828
317,1,1000,1000,178.86492919921875,9.241848945617676
318,1,1000,1000,178.86495971679688,9.241856575012207
319,1,1000,1000,178.86497497558594,9.241849899291992
320,1,1000,1000,178.86492919921875,9.241840362548828
321,1,1000,1000,178.8649139404297,9.241828918457031
322,1,1000,1000,178.8648681640625,9.241827011108398
323,1,1000,1000,178.86492919921875,9.241825103759766
324,1,1000,1000,178.86497497558594,9.241827964782715
325,1,1000,1000,178.86495971679688,9.241823196411133
326,1,1000,1000,178.8649444580078,9.241812705993652
327,1,1000,1000,178.86489868164062,9.24181842803955
328,1,1000,1000,178.86480712890625,9.241843223571777
329,1,1000,1000,178.86474609375,9.241863250732422
330,1,1000,1000,178.86477661132812,9.241863250732422
331,1,1000,1000,178.86477661132812,9.241854667663574
332,1,1000,1000,178.86483764648438,9.241839408874512
333,1,1000,1000,178.86489868164062,9.241825103759766
334,1,1000,1000,178.86502075195312,9.24183464050293
335,1,1000,1000,178.86505126953125,9.241850852966309
336,1,1000,1000,178.86502075195312,9.241833686828613
337,1,1000,1000,178.86497497558594,9.241828918457031
338,1,1000,1000,178.86483764648438,9.241827964782715
339,1,1000,1000,178.86480712890625,9.241842269897461
340,1,1000,1000,178.86477661132812,9.241852760314941
341,1,1000,1000,178.86483764648438,9.241853713989258
342,1,1000,1000,178.86483764648438,9.24184799194336
343,1,1000,1000,178.86492919921875,9.241839408874512
344,1,1000,1000,178.86489868164062,9.241836547851562
345,1,1000,1000,178.86489868164062,9.241837501525879
346,1,1000,1000,178.8648223876953,9.24184513092041
347,1,1000,1000,178.86474609375,9.241843223571777
348,1,1000,1000,178.86463928222656,9.241842269897461
349,1,1000,1000,178.86451721191406,9.241850852966309
350,1,1000,1000,178.8643798828125,9.241851806640625
351,1,1000,1000,178.86447143554688,9.241861343383789
352,1,1000,1000,178.86459350585938,9.241843223571777
353,1,1000,1000,178.86465454101562,9.241851806640625
354,1,1000,1000,178.86468505859375,9.24183177947998
355,1,1000,1000,178.8647003173828,9.241830825805664
356,1,1000,1000,178.86465454101562,9.241847038269043
357,1,1000,1000,178.8647003173828,9.241847038269043
358,1,1000,1000,178.86468505859375,9.24183177947998
359,1,1000,1000,178.86473083496094,9.2418212890625
360,1,1000,1000,178.86471557617188,9.24182415008545
361,1,1000,1000,178.8647003173828,9.241848945617676
362,1,1000,1000,178.86463928222656,9.241839408874512
363,1,1000,1000,178.86463928222656,9.24181842803955
364,1,1000,1000,178.86471557617188,9.241829872131348
365,1,1000,1000,178.86477661132812,9.241822242736816
366,1,1000,1000,178.86474609375,9.241837501525879
367,1,1000,1000,178.8647918701172,9.241842269897461
368,1,1000,1000,178.86483764648438,9.241849899291992
369,1,1000,1000,178.86488342285156,9.241838455200195
370,1,1000,1000,178.86495971679688,9.241836547851562
371,1,1000,1000,178.8650665283203,9.24183177947998
372,1,1000,1000,178.86517333984375,9.241837501525879
373,1,1000,1000,178.8651580810547,9.241849899291992
374,1,1000,1000,178.86514282226562,9.241870880126953
375,1,1000,1000,178.86521911621094,9.241842269897461
376,1,1000,1000,178.86532592773438,9.241857528686523
377,1,1000,1000,178.86550903320312,9.241835594177246
378,1,1000,1000,178.86557006835938,9.24183464050293
379,1,1000,1000,178.86550903320312,9.241873741149902
380,1,1000,1000,178.86546325683594,9.241897583007812
381,1,1000,1000,178.865478515625,9.241893768310547
382,1,1000,1000,178.86541748046875,9.241869926452637
383,1,1000,1000,178.8653564453125,9.241833686828613
384,1,1000,1000,178.86538696289062,9.241830825805664
385,1,1000,1000,178.86532592773438,9.24183177947998
386,1,1000,1000,178.86529541015625,9.241827011108398
387,1,1000,1000,178.86526489257812,9.241847038269043
388,1,1000,1000,178.86526489257812,9.241843223571777
389,1,1000,1000,178.86532592773438,9.241850852966309
390,1,1000,1000,178.86529541015625,9.241850852966309
391,1,1000,1000,178.86526489257812,9.24183464050293
392,1,1000,1000,178.86524963378906,9.241838455200195
393,1,1000,1000,178.86529541015625,9.241853713989258
394,1,1000,1000,178.86526489257812,9.241862297058105
395,1,1000,1000,178.8652801513672,9.241861343383789
396,1,1000,1000,178.865234375,9.241862297058105
397,1,1000,1000,178.8651580810547,9.241838455200195
398,1,1000,1000,178.86509704589844,9.241812705993652
399,1,1000,1000,178.86502075195312,9.241825103759766
400,1,1000,1000,178.86502075195312,9.24183464050293
401,1,1000,1000,178.86509704589844,9.24183464050293
402,1,1000,1000,178.86514282226562,9.241846084594727
403,1,1000,1000,178.8651580810547,9.241849899291992
404,1,1000,1000,178.86509704589844,9.241847038269043
405,1,1000,1000,178.8651123046875,9.241843223571777
406,1,1000,1000,178.8651123046875,9.241842269897461
407,1,1000,1000,178.8651123046875,9.241837501525879
408,1,1000,1000,178.86509704589844,9.241828918457031
409,1,1000,1000,178.86509704589844,9.24183177947998
410,1,1000,1000,178.86508178710938,9.241842269897461
411,1,1000,1000,178.8651580810547,9.241852760314941
412,1,1000,1000,178.86532592773438,9.241862297058105
413,1,1000,1000,178.8654327392578,9.241866111755371
414,1,1000,1000,178.865478515625,9.241856575012207
415,1,1000,1000,178.86550903320312,9.24184513092041
416,1,1000,1000,178.86550903320312,9.241835594177246
417,1,1000,1000,178.86550903320312,9.241836547851562
418,1,1000,1000,178.86550903320312,9.241838455200195
419,1,1000,1000,178.86550903320312,9.241842269897461
420,1,1000,1000,178.86550903320312,9.241846084594727
421,1,1000,1000,178.865478515625,9.241846084594727
422,1,1000,1000,178.8653564453125,9.24184513092041
423,1,1000,1000,178.865234375,9.24184513092041
424,1,1000,1000,178.86529541015625,9.24184513092041
425,1,1000,1000,178.86537170410156,9.241847038269043
426,1,1000,1000,178.8653564453125,9.24184799194336
427,1,1000,1000,178.86538696289062,9.241843223571777
428,1,1000,1000,178.8653564453125,9.241840362548828
429,1,1000,1000,178.86532592773438,9.241841316223145
430,1,1000,1000,178.865234375,9.241841316223145
431,1,1000,1000,178.865234375,9.241843223571777
432,1,1000,1000,178.86532592773438,9.24184513092041
433,1,1000,1000,178.86537170410156,9.241846084594727
434,1,1000,1000,178.8653564453125,9.24184513092041
435,1,1000,1000,178.86538696289062,9.241843223571777
436,1,1000,1000,178.8653564453125,9.241843223571777
437,1,1000,1000,178.86524963378906,9.241843223571777
438,1,1000,1000,178.86526489257812,9.241843223571777
439,1,1000,1000,178.86526489257812,9.241842269897461
440,1,1000,1000,178.86534118652344,9.241842269897461
441,1,1000,1000,178.8653106689453,9.241842269897461
442,1,1000,1000,178.865234375,9.241842269897461
443,1,1000,1000,178.865234375,9.241842269897461
444,1,1000,1000,178.86529541015625,9.241842269897461
445,1,1000,1000,178.8653564453125,9.241841316223145
446,1,1000,1000,178.86529541015625,9.241841316223145
447,1,1000,1000,178.86526489257812,9.241841316223145
448,1,1000,1000,178.86524963378906,9.241841316223145
449,1,1000,1000,178.86529541015625,9.241842269897461
450,1,1000,1000,178.86526489257812,9.241840362548828
451,1,1000,1000,178.8653106689453,9.241838455200195
452,1,1000,1000,178.86532592773438,9.241838455200195
453,1,1000,1000,178.8653564453125,9.241838455200195
454,1,1000,1000,178.8653564453125,9.241838455200195
455,1,1000,1000,178.8653106689453,9.241839408874512
456,1,1000,1000,178.86534118652344,9.241842269897461
457,1,1000,1000,178.8653564453125,9.241846084594727
458,1,1000,1000,178.8653564453125,9.241844177246094
459,1,1000,1000,178.8653106689453,9.241844177246094
460,1,1000,1000,178.86526489257812,9.241844177246094
461,1,1000,1000,178.86524963378906,9.241841316223145
462,1,1000,1000,178.865234375,9.241835594177246
463,1,1000,1000,178.8652801513672,9.241832733154297
464,1,1000,1000,178.865234375,9.241838455200195
465,1,1000,1000,178.86508178710938,9.241846084594727
466,1,1000,1000,178.8650360107422,9.24184513092041
467,1,1000,1000,178.86514282226562,9.241848945617676
468,1,1000,1000,178.865234375,9.241850852966309
469,1,1000,1000,178.86529541015625,9.241851806640625
470,1,1000,1000,178.8653564453125,9.241851806640625
471,1,1000,1000,178.86541748046875,9.241848945617676
472,1,1000,1000,178.86544799804688,9.241844177246094
473,1,1000,1000,178.86544799804688,9.241843223571777
474,1,1000,1000,178.865478515625,9.241847038269043
475,1,1000,1000,178.865478515625,9.241849899291992
476,1,1000,1000,178.865478515625,9.241843223571777
477,1,1000,1000,178.865478515625,9.241839408874512
478,1,1000,1000,178.865478515625,9.241840362548828
479,1,1000,1000,178.865478515625,9.241843223571777
480,1,1000,1000,178.865478515625,9.241846084594727
481,1,1000,1000,178.865478515625,9.241848945617676
482,1,1000,1000,178.865478515625,9.241843223571777
483,1,1000,1000,178.865478515625,9.241836547851562
484,1,1000,1000,178.86553955078125,9.241840362548828
485,1,1000,1000,178.86563110351562,9.24184513092041
486,1,1000,1000,178.86575317382812,9.241843223571777
487,1,1000,1000,178.86582946777344,9.241841316223145
488,1,1000,1000,178.86581420898438,9.24183464050293
489,1,1000,1000,178.8658447265625,9.241828918457031
490,1,1000,1000,178.86587524414062,9.241838455200195
491,1,1000,1000,178.86590576171875,9.241856575012207
492,1,1000,1000,178.86593627929688,9.24184799194336
493,1,1000,1000,178.86595153808594,9.241832733154297
494,1,1000,1000,178.865966796875,9.24183464050293
495,1,1000,1000,178.86595153808594,9.241847038269043
496,1,1000,1000,178.86593627929688,9.241854667663574
497,1,1000,1000,178.86587524414062,9.241840362548828
498,1,1000,1000,178.8658905029297,9.241841316223145
499,1,1000,1000,178.86585998535156,9.241848945617676
500,1,1000,1000,178.86590576171875,9.241837501525879
501,1,1000,1000,178.86585998535156,9.241839408874512
502,1,1000,1000,178.86569213867188,9.24184513092041
503,1,1000,1000,178.8656005859375,9.241852760314941
504,1,1000,1000,178.8655548095703,9.241849899291992
505,1,1000,1000,178.865478515625,9.241841316223145
506,1,1000,1000,178.86550903320312,9.241832733154297
507,1,1000,1000,178.86553955078125,9.241830825805664
508,1,1000,1000,178.86553955078125,9.241833686828613
509,1,1000,1000,178.86553955078125,9.241842269897461
510,1,1000,1000,178.8655242919922,9.241842269897461
511,1,1000,1000,178.86550903320312,9.24184513092041
512,1,1000,1000,178.865478515625,9.241840362548828
513,1,1000,1000,178.865478515625,9.241832733154297
514,1,1000,1000,178.865478515625,9.241838455200195
515,1,1000,1000,178.865478515625,9.241844177246094
516,1,1000,1000,178.86549377441406,9.24184799194336
517,1,1000,1000,178.86550903320312,9.241850852966309
518,1,1000,1000,178.86553955078125,9.241846084594727
519,1,1000,1000,178.86557006835938,9.241841316223145
520,1,1000,1000,178.8656005859375,9.24184513092041
521,1,1000,1000,178.86561584472656,9.24185562133789
522,1,1000,1000,178.86557006835938,9.241856575012207
523,1,1000,1000,178.86558532714844,9.24185562133789
524,1,1000,1000,178.86561584472656,9.241846084594727
525,1,1000,1000,178.86561584472656,9.241841316223145
526,1,1000,1000,178.86561584472656,9.241837501525879
527,1,1000,1000,178.86563110351562,9.241847038269043
528,1,1000,1000,178.86563110351562,9.241849899291992
529,1,1000,1000,178.8656463623047,9.241851806640625
530,1,1000,1000,178.86566162109375,9.241860389709473
531,1,1000,1000,178.86575317382812,9.241857528686523
532,1,1000,1000,178.86573791503906,9.24184799194336
533,1,1000,1000,178.86570739746094,9.241842269897461
534,1,1000,1000,178.86569213867188,9.241829872131348
535,1,1000,1000,178.86566162109375,9.241817474365234
536,1,1000,1000,178.8656463623047,9.241828918457031
537,1,1000,1000,178.86561584472656,9.241843223571777
538,1,1000,1000,178.8656005859375,9.241856575012207
539,1,1000,1000,178.86561584472656,9.241853713989258
540,1,1000,1000,178.86561584472656,9.241846084594727
541,1,1000,1000,178.86553955078125,9.241842269897461
542,1,1000,1000,178.86557006835938,9.241833686828613
543,1,1000,1000,178.86558532714844,9.24183464050293
544,1,1000,1000,178.86553955078125,9.241842269897461
545,1,1000,1000,178.86553955078125,9.241848945617676
546,1,1000,1000,178.86557006835938,9.24184513092041
547,1,1000,1000,178.86563110351562,9.241842269897461
548,1,1000,1000,178.86575317382812,9.241847038269043
549,1,1000,1000,178.86575317382812,9.24183464050293
550,1,1000,1000,178.86581420898438,9.241832733154297
551,1,1000,1000,178.8657989501953,9.241854667663574
552,1,1000,1000,178.86582946777344,9.24186897277832
553,1,1000,1000,178.8659210205078,9.241854667663574
554,1,1000,1000,178.86602783203125,9.241828918457031
555,1,1000,1000,178.86602783203125,9.241828918457031
556,1,1000,1000,178.86602783203125,9.24183177947998
557,1,1000,1000,178.86598205566406,9.241841316223145
558,1,1000,1000,178.865966796875,9.24184513092041
559,1,1000,1000,178.86590576171875,9.241848945617676
560,1,1000,1000,178.86585998535156,9.241840362548828
561,1,1000,1000,178.86581420898438,9.241835594177246
562,1,1000,1000,178.86575317382812,9.24181842803955
563,1,1000,1000,178.86569213867188,9.241823196411133
564,1,1000,1000,178.86561584472656,9.241839408874512
565,1,1000,1000,178.86553955078125,9.241837501525879
566,1,1000,1000,178.86544799804688,9.241840362548828
567,1,1000,1000,178.86529541015625,9.241843223571777
568,1,1000,1000,178.8651580810547,9.241857528686523
569,1,1000,1000,178.86514282226562,9.24188232421875
570,1,1000,1000,178.8651123046875,9.241853713989258
571,1,1000,1000,178.86512756347656,9.241842269897461
572,1,1000,1000,178.8651123046875,9.241852760314941
573,1,1000,1000,178.86500549316406,9.241861343383789
574,1,1000,1000,178.86492919921875,9.241836547851562
575,1,1000,1000,178.86495971679688,9.241822242736816
576,1,1000,1000,178.86495971679688,9.241826057434082
577,1,1000,1000,178.86497497558594,9.241830825805664
578,1,1000,1000,178.86502075195312,9.241854667663574
579,1,1000,1000,178.86495971679688,9.241846084594727
580,1,1000,1000,178.8649139404297,9.24184799194336
581,1,1000,1000,178.86495971679688,9.241849899291992
582,1,1000,1000,178.86505126953125,9.241844177246094
583,1,1000,1000,178.86509704589844,9.24182415008545
584,1,1000,1000,178.8651123046875,9.24181079864502
585,1,1000,1000,178.86514282226562,9.241844177246094
586,1,1000,1000,178.8651123046875,9.241849899291992
587,1,1000,1000,178.8651123046875,9.241857528686523
588,1,1000,1000,178.86520385742188,9.241870880126953
589,1,1000,1000,178.86529541015625,9.241861343383789
590,1,1000,1000,178.86526489257812,9.241826057434082
591,1,1000,1000,178.86532592773438,9.241805076599121
592,1,1000,1000,178.86529541015625,9.241801261901855
593,1,1000,1000,178.86529541015625,9.241816520690918
594,1,1000,1000,178.8653564453125,9.241846084594727
595,1,1000,1000,178.8653564453125,9.24184799194336
596,1,1000,1000,178.86534118652344,9.24185848236084
597,1,1000,1000,178.8653564453125,9.241861343383789
598,1,1000,1000,178.865478515625,9.241848945617676
599,1,1000,1000,178.865478515625,9.241841316223145
600,1,1000,1000,178.86546325683594,9.241846084594727
601,1,1000,1000,178.865478515625,9.241843223571777
602,1,1000,1000,178.865478515625,9.241844177246094
603,1,1000,1000,178.86550903320312,9.241843223571777
604,1,1000,1000,178.86553955078125,9.241843223571777
605,1,1000,1000,178.86553955078125,9.241847038269043
606,1,1000,1000,178.86553955078125,9.241842269897461
607,1,1000,1000,178.8655242919922,9.241835594177246
608,1,1000,1000,178.86550903320312,9.241838455200195
609,1,1000,1000,178.8654327392578,9.241849899291992
610,1,1000,1000,178.86541748046875,9.24184799194336
611,1,1000,1000,178.8654022216797,9.241850852966309
612,1,1000,1000,178.86541748046875,9.241861343383789
613,1,1000,1000,178.86550903320312,9.241863250732422
614,1,1000,1000,178.8656005859375,9.241856575012207
615,1,1000,1000,178.86557006835938,9.241841316223145
616,1,1000,1000,178.86553955078125,9.241827011108398
617,1,1000,1000,178.86553955078125,9.2418212890625
618,1,1000,1000,178.86553955078125,9.2418212890625
619,1,1000,1000,178.86553955078125,9.241830825805664
620,1,1000,1000,178.8655548095703,9.241843223571777
621,1,1000,1000,178.86563110351562,9.241850852966309
622,1,1000,1000,178.86563110351562,9.241851806640625
623,1,1000,1000,178.86569213867188,9.241832733154297
624,1,1000,1000,178.86575317382812,9.24181842803955
625,1,1000,1000,178.86569213867188,9.241828918457031
626,1,1000,1000,178.86553955078125,9.241851806640625
627,1,1000,1000,178.86557006835938,9.241852760314941
628,1,1000,1000,178.8656005859375,9.24184513092041
629,1,1000,1000,178.86566162109375,9.241832733154297
630,1,1000,1000,178.86563110351562,9.241836547851562
631,1,1000,1000,178.86550903320312,9.241829872131348
632,1,1000,1000,178.86550903320312,9.241832733154297
633,1,1000,1000,178.86550903320312,9.241838455200195
634,1,1000,1000,178.86550903320312,9.241835594177246
635,1,1000,1000,178.8655242919922,9.241840362548828
636,1,1000,1000,178.86553955078125,9.241852760314941
637,1,1000,1000,178.865478515625,9.241851806640625
638,1,1000,1000,178.86537170410156,9.241844177246094
639,1,1000,1000,178.86529541015625,9.241856575012207
640,1,1000,1000,178.86529541015625,9.241849899291992
641,1,1000,1000,178.86526489257812,9.241819381713867
642,1,1000,1000,178.86524963378906,9.241793632507324
643,1,1000,1000,178.86529541015625,9.241789817810059
644,1,1000,1000,178.86532592773438,9.241819381713867
645,1,1000,1000,178.8654022216797,9.241827011108398
646,1,1000,1000,178.86549377441406,9.241830825805664
647,1,1000,1000,178.865478515625,9.241840362548828
648,1,1000,1000,178.86544799804688,9.241836547851562
649,1,1000,1000,178.86544799804688,9.241842269897461
650,1,1000,1000,178.86544799804688,9.241843223571777
651,1,1000,1000,178.86549377441406,9.241849899291992
652,1,1000,1000,178.8655242919922,9.241856575012207
653,1,1000,1000,178.8655242919922,9.241867065429688
654,1,1000,1000,178.86550903320312,9.24185848236084
655,1,1000,1000,178.86550903320312,9.241860389709473
656,1,1000,1000,178.86550903320312,9.241860389709473
657,1,1000,1000,178.86550903320312,9.24185848236084
658,1,1000,1000,178.865478515625,9.241853713989258
659,1,1000,1000,178.86544799804688,9.24184513092041
660,1,1000,1000,178.8653564453125,9.241857528686523
661,1,1000,1000,178.86529541015625,9.24186897277832
662,1,1000,1000,178.86526489257812,9.241847038269043
663,1,1000,1000,178.8653106689453,9.241843223571777
664,1,1000,1000,178.86526489257812,9.241827964782715
665,1,1000,1000,178.86529541015625,9.241803169250488
666,1,1000,1000,178.86526489257812,9.241798400878906
667,1,1000,1000,178.86529541015625,9.241825103759766
668,1,1000,1000,178.865234375,9.241864204406738
669,1,1000,1000,178.8651123046875,9.241891860961914
670,1,1000,1000,178.86492919921875,9.2418851852417
671,1,1000,1000,178.86489868164062,9.241859436035156
672,1,1000,1000,178.86489868164062,9.241827964782715
673,1,1000,1000,178.86492919921875,9.241843223571777
674,1,1000,1000,178.86495971679688,9.241849899291992
675,1,1000,1000,178.8648681640625,9.24185848236084
676,1,1000,1000,178.86488342285156,9.241843223571777
677,1,1000,1000,178.86489868164062,9.241844177246094
678,1,1000,1000,178.86488342285156,9.241835594177246
679,1,1000,1000,178.8648681640625,9.241827011108398
680,1,1000,1000,178.8648681640625,9.241816520690918
681,1,1000,1000,178.8648681640625,9.241804122924805
682,1,1000,1000,178.8648681640625,9.241815567016602
683,1,1000,1000,178.8649139404297,9.241846084594727
684,1,1000,1000,178.86492919921875,9.241857528686523
685,1,1000,1000,178.86492919921875,9.24185848236084
686,1,1000,1000,178.86489868164062,9.241861343383789
687,1,1000,1000,178.86480712890625,9.241851806640625
688,1,1000,1000,178.86468505859375,9.241847038269043
689,1,1000,1000,178.864501953125,9.241849899291992
690,1,1000,1000,178.86439514160156,9.241851806640625
691,1,1000,1000,178.8644256591797,9.241862297058105
692,1,1000,1000,178.86444091796875,9.241844177246094
693,1,1000,1000,178.86444091796875,9.241846084594727
694,1,1000,1000,178.86444091796875,9.241859436035156
695,1,1000,1000,178.86439514160156,9.24185562133789
696,1,1000,1000,178.86431884765625,9.241864204406738
697,1,1000,1000,178.86422729492188,9.241880416870117
698,1,1000,1000,178.86419677734375,9.241875648498535
699,1,1000,1000,178.8641815185547,9.24187183380127
700,1,1000,1000,178.86410522460938,9.241874694824219
701,1,1000,1000,178.86398315429688,9.241857528686523
702,1,1000,1000,178.86380004882812,9.241846084594727
703,1,1000,1000,178.86361694335938,9.241859436035156
704,1,1000,1000,178.86361694335938,9.241841316223145
705,1,1000,1000,178.8636474609375,9.24181842803955
706,1,1000,1000,178.8636016845703,9.241799354553223
707,1,1000,1000,178.8635711669922,9.24179458618164
708,1,1000,1000,178.8634033203125,9.241816520690918
709,1,1000,1000,178.86337280273438,9.241833686828613
710,1,1000,1000,178.8633575439453,9.24184799194336
711,1,1000,1000,178.8634033203125,9.241857528686523
712,1,1000,1000,178.86326599121094,9.241857528686523
713,1,1000,1000,178.86317443847656,9.241857528686523
714,1,1000,1000,178.863037109375,9.24185562133789
715,1,1000,1000,178.86309814453125,9.241826057434082
716,1,1000,1000,178.863037109375,9.241785049438477
717,1,1000,1000,178.8629150390625,9.241771697998047
718,1,1000,1000,178.86285400390625,9.24182415008545
719,1,1000,1000,178.86282348632812,9.241863250732422
720,1,1000,1000,178.86279296875,9.241891860961914
721,1,1000,1000,178.86276245117188,9.241897583007812
722,1,1000,1000,178.86270141601562,9.241857528686523
723,1,1000,1000,178.86251831054688,9.241814613342285
724,1,1000,1000,178.86239624023438,9.241815567016602
725,1,1000,1000,178.86227416992188,9.241826057434082
726,1,1000,1000,178.86221313476562,9.241828918457031
727,1,1000,1000,178.8621368408203,9.241828918457031
728,1,1000,1000,178.86212158203125,9.241840362548828
729,1,1000,1000,178.86209106445312,9.241842269897461
730,1,1000,1000,178.86203002929688,9.241850852966309
731,1,1000,1000,178.8619384765625,9.241863250732422
732,1,1000,1000,178.86190795898438,9.241842269897461
733,1,1000,1000,178.86187744140625,9.241817474365234
734,1,1000,1000,178.86181640625,9.241804122924805
735,1,1000,1000,178.86175537109375,9.241822242736816
736,1,1000,1000,178.86154174804688,9.241843223571777
737,1,1000,1000,178.86131286621094,9.241830825805664
738,1,1000,1000,178.86114501953125,9.24184799194336
739,1,1000,1000,178.861083984375,9.241857528686523
740,1,1000,1000,178.86106872558594,9.241884231567383
741,1,1000,1000,178.86102294921875,9.24186897277832
742,1,1000,1000,178.8609619140625,9.241870880126953
743,1,1000,1000,178.86074829101562,9.241841316223145
744,1,1000,1000,178.86053466796875,9.241861343383789
745,1,1000,1000,178.8603973388672,9.241839408874512
746,1,1000,1000,178.86029052734375,9.241836547851562
747,1,1000,1000,178.86019897460938,9.241859436035156
748,1,1000,1000,178.85995483398438,9.241869926452637
749,1,1000,1000,178.85977172851562,9.241854667663574
750,1,1000,1000,178.85964965820312,9.2418851852417
751,1,1000,1000,178.85948181152344,9.241908073425293
752,1,1000,1000,178.85934448242188,9.241903305053711
753,1,1000,1000,178.85928344726562,9.2418212890625
754,1,1000,1000,178.85916137695312,9.241790771484375
755,1,1000,1000,178.8590850830078,9.241761207580566
756,1,1000,1000,178.8589630126953,9.241811752319336
757,1,1000,1000,178.8588104248047,9.241859436035156
758,1,1000,1000,178.8587188720703,9.241899490356445
759,1,1000,1000,178.85865783691406,9.24189567565918
760,1,1000,1000,178.85850524902344,9.241869926452637
761,1,1000,1000,178.85841369628906,9.241851806640625
762,1,1000,1000,178.85824584960938,9.241878509521484
763,1,1000,1000,178.858154296875,9.24184799194336
764,1,1000,1000,178.858154296875,9.241847038269043
765,1,1000,1000,178.8580322265625,9.241868019104004
766,1,1000,1000,178.8580322265625,9.241886138916016
767,1,1000,1000,178.85789489746094,9.24183177947998
768,1,1000,1000,178.85775756835938,9.241788864135742
769,1,1000,1000,178.85763549804688,9.241782188415527
770,1,1000,1000,178.8575439453125,9.241800308227539
771,1,1000,1000,178.85752868652344,9.241832733154297
772,1,1000,1000,178.8575439453125,9.241857528686523
773,1,1000,1000,178.85752868652344,9.241869926452637
774,1,1000,1000,178.8574676513672,9.241883277893066
775,1,1000,1000,178.857421875,9.241859436035156
776,1,1000,1000,178.85752868652344,9.241857528686523
777,1,1000,1000,178.857421875,9.241872787475586
778,1,1000,1000,178.85731506347656,9.24187183380127
779,1,1000,1000,178.85726928710938,9.241842269897461
780,1,1000,1000,178.85726928710938,9.241835594177246
781,1,1000,1000,178.857177734375,9.241853713989258
782,1,1000,1000,178.85716247558594,9.241872787475586
783,1,1000,1000,178.85720825195312,9.241866111755371
784,1,1000,1000,178.8572998046875,9.241866111755371
785,1,1000,1000,178.85736083984375,9.241848945617676
786,1,1000,1000,178.85736083984375,9.241828918457031
787,1,1000,1000,178.8572998046875,9.241808891296387
788,1,1000,1000,178.85728454589844,9.241822242736816
789,1,1000,1000,178.85726928710938,9.241853713989258
790,1,1000,1000,178.85726928710938,9.24187183380127
791,1,1000,1000,178.85723876953125,9.241874694824219
792,1,1000,1000,178.85708618164062,9.241854667663574
793,1,1000,1000,178.8569793701172,9.241842269897461
794,1,1000,1000,178.85690307617188,9.241836547851562
795,1,1000,1000,178.85687255859375,9.241849899291992
796,1,1000,1000,178.85699462890625,9.241862297058105
797,1,1000,1000,178.85711669921875,9.241868019104004
798,1,1000,1000,178.857177734375,9.241850852966309
799,1,1000,1000,178.85720825195312,9.241841316223145
800,1,1000,1000,178.8572235107422,9.241833686828613
801,1,1000,1000,178.8572998046875,9.241839408874512
802,1,1000,1000,178.8572998046875,9.24184513092041
803,1,1000,1000,178.8572998046875,9.241842269897461
804,1,1000,1000,178.85731506347656,9.241833686828613
805,1,1000,1000,178.85733032226562,9.241840362548828
806,1,1000,1000,178.85731506347656,9.24184799194336
807,1,1000,1000,178.85733032226562,9.241848945617676
808,1,1000,1000,178.8573455810547,9.241841316223145
809,1,1000,1000,178.8573455810547,9.241835594177246
810,1,1000,1000,178.85733032226562,9.241833686828613
811,1,1000,1000,178.85733032226562,9.24183464050293
812,1,1000,1000,178.85736083984375,9.241837501525879
813,1,1000,1000,178.8573455810547,9.241842269897461
814,1,1000,1000,178.85736083984375,9.24184513092041
815,1,1000,1000,178.85743713378906,9.241846084594727
816,1,1000,1000,178.85748291015625,9.241846084594727
817,1,1000,1000,178.85748291015625,9.24184513092041
818,1,1000,1000,178.8574676513672,9.241842269897461
819,1,1000,1000,178.85745239257812,9.241840362548828
820,1,1000,1000,178.857421875,9.241840362548828
821,1,1000,1000,178.857421875,9.241841316223145
822,1,1000,1000,178.85740661621094,9.241842269897461
823,1,1000,1000,178.85739135742188,9.241842269897461
824,1,1000,1000,178.85736083984375,9.241842269897461
825,1,1000,1000,178.85736083984375,9.241843223571777
826,1,1000,1000,178.85733032226562,9.241844177246094
827,1,1000,1000,178.85736083984375,9.241844177246094
828,1,1000,1000,178.85736083984375,9.241844177246094
829,1,1000,1000,178.8573760986328,9.241844177246094
830,1,1000,1000,178.85736083984375,9.241844177246094
831,1,1000,1000,178.8573455810547,9.241844177246094
832,1,1000,1000,178.85733032226562,9.241844177246094
833,1,1000,1000,178.85726928710938,9.241841316223145
834,1,1000,1000,178.85723876953125,9.241836547851562
835,1,1000,1000,178.85723876953125,9.241837501525879
836,1,1000,1000,178.85726928710938,9.241838455200195
837,1,1000,1000,178.85723876953125,9.241841316223145
838,1,1000,1000,178.85720825195312,9.241841316223145
839,1,1000,1000,178.85728454589844,9.241846084594727
840,1,1000,1000,178.85733032226562,9.241839408874512
841,1,1000,1000,178.857421875,9.241835594177246
842,1,1000,1000,178.8574981689453,9.241835594177246
843,1,1000,1000,178.85752868652344,9.241846084594727
844,1,1000,1000,178.85745239257812,9.24185562133789
845,1,1000,1000,178.85739135742188,9.241849899291992
846,1,1000,1000,178.8573760986328,9.241848945617676
847,1,1000,1000,178.85736083984375,9.241850852966309
848,1,1000,1000,178.85736083984375,9.241847038269043
849,1,1000,1000,178.85733032226562,9.241833686828613
850,1,1000,1000,178.85733032226562,9.241837501525879
851,1,1000,1000,178.8573455810547,9.241838455200195
852,1,1000,1000,178.8573455810547,9.241832733154297
853,1,1000,1000,178.857421875,9.24183464050293
854,1,1000,1000,178.8574676513672,9.241836547851562
855,1,1000,1000,178.85751342773438,9.241847038269043
856,1,1000,1000,178.85751342773438,9.241846084594727
857,1,1000,1000,178.857421875,9.241849899291992
858,1,1000,1000,178.8573760986328,9.241840362548828
859,1,1000,1000,178.85736083984375,9.24183464050293
860,1,1000,1000,178.85736083984375,9.241828918457031
861,1,1000,1000,178.85736083984375,9.241825103759766
862,1,1000,1000,178.85736083984375,9.241827964782715
863,1,1000,1000,178.85739135742188,9.241835594177246
864,1,1000,1000,178.85739135742188,9.241835594177246
865,1,1000,1000,178.85740661621094,9.241838455200195
866,1,1000,1000,178.85739135742188,9.24185848236084
867,1,1000,1000,178.85736083984375,9.241863250732422
868,1,1000,1000,178.85733032226562,9.241863250732422
869,1,1000,1000,178.85733032226562,9.241861343383789
870,1,1000,1000,178.857421875,9.241835594177246
871,1,1000,1000,178.8574676513672,9.241817474365234
872,1,1000,1000,178.85743713378906,9.241813659667969
873,1,1000,1000,178.85748291015625,9.24182415008545
874,1,1000,1000,178.8575439453125,9.24184799194336
875,1,1000,1000,178.8575439453125,9.241866111755371
876,1,1000,1000,178.8575897216797,9.241847038269043
877,1,1000,1000,178.8575439453125,9.241828918457031
878,1,1000,1000,178.85739135742188,9.241814613342285
879,1,1000,1000,178.85739135742188,9.24182415008545
880,1,1000,1000,178.85736083984375,9.241837501525879
881,1,1000,1000,178.85739135742188,9.241832733154297
882,1,1000,1000,178.85733032226562,9.24183464050293
883,1,1000,1000,178.85739135742188,9.241820335388184
884,1,1000,1000,178.85726928710938,9.241813659667969
885,1,1000,1000,178.8572540283203,9.241813659667969
886,1,1000,1000,178.857177734375,9.241827011108398
887,1,1000,1000,178.85720825195312,9.241827964782715
888,1,1000,1000,178.857177734375,9.241835594177246
889,1,1000,1000,178.85711669921875,9.241849899291992
890,1,1000,1000,178.85693359375,9.241856575012207
891,1,1000,1000,178.85678100585938,9.24185562133789
892,1,1000,1000,178.85682678222656,9.241844177246094
893,1,1000,1000,178.85699462890625,9.241837501525879
894,1,1000,1000,178.85714721679688,9.241841316223145
895,1,1000,1000,178.85723876953125,9.241837501525879
896,1,1000,1000,178.85731506347656,9.241827011108398
897,1,1000,1000,178.8572998046875,9.241836547851562
898,1,1000,1000,178.8572235107422,9.241844177246094
899,1,1000,1000,178.857177734375,9.24186897277832
900,1,1000,1000,178.85720825195312,9.241883277893066
901,1,1000,1000,178.85720825195312,9.241868019104004
902,1,1000,1000,178.85728454589844,9.241846084594727
903,1,1000,1000,178.85726928710938,9.241842269897461
904,1,1000,1000,178.8572998046875,9.241825103759766
905,1,1000,1000,178.85726928710938,9.241832733154297
906,1,1000,1000,178.85720825195312,9.241852760314941
907,1,1000,1000,178.8572998046875,9.241847038269043
908,1,1000,1000,178.857421875,9.24182415008545
909,1,1000,1000,178.8574981689453,9.241828918457031
910,1,1000,1000,178.8575439453125,9.241849899291992
911,1,1000,1000,178.85760498046875,9.241859436035156
912,1,1000,1000,178.85769653320312,9.241828918457031
913,1,1000,1000,178.85787963867188,9.24181842803955
914,1,1000,1000,178.85809326171875,9.241846084594727
915,1,1000,1000,178.85821533203125,9.241840362548828
916,1,1000,1000,178.8582000732422,9.241854667663574
917,1,1000,1000,178.85824584960938,9.241836547851562
918,1,1000,1000,178.8582763671875,9.241812705993652
919,1,1000,1000,178.85824584960938,9.241796493530273
920,1,1000,1000,178.8582763671875,9.241806030273438
921,1,1000,1000,178.8582763671875,9.241840362548828
922,1,1000,1000,178.85826110839844,9.241838455200195
923,1,1000,1000,178.85824584960938,9.241823196411133
924,1,1000,1000,178.85821533203125,9.241833686828613
925,1,1000,1000,178.85826110839844,9.241861343383789
926,1,1000,1000,178.85836791992188,9.241877555847168
927,1,1000,1000,178.85836791992188,9.241888046264648
928,1,1000,1000,178.85824584960938,9.241867065429688
929,1,1000,1000,178.85818481445312,9.241835594177246
930,1,1000,1000,178.8582305908203,9.241832733154297
931,1,1000,1000,178.85830688476562,9.241835594177246
932,1,1000,1000,178.85830688476562,9.241848945617676
933,1,1000,1000,178.85821533203125,9.241859436035156
934,1,1000,1000,178.8582763671875,9.241846084594727
935,1,1000,1000,178.85836791992188,9.241841316223145
936,1,1000,1000,178.85848999023438,9.241846084594727
937,1,1000,1000,178.85848999023438,9.24184513092041
938,1,1000,1000,178.85845947265625,9.241837501525879
939,1,1000,1000,178.8584442138672,9.241823196411133
940,1,1000,1000,178.85842895507812,9.241819381713867
941,1,1000,1000,178.85836791992188,9.241840362548828
942,1,1000,1000,178.8584442138672,9.24185848236084
943,1,1000,1000,178.85833740234375,9.241854667663574
944,1,1000,1000,178.85830688476562,9.241854667663574
945,1,1000,1000,178.85824584960938,9.241852760314941
946,1,1000,1000,178.85830688476562,9.24185562133789
947,1,1000,1000,178.85821533203125,9.241852760314941
948,1,1000,1000,178.85818481445312,9.241846084594727
949,1,1000,1000,178.85821533203125,9.241854667663574
950,1,1000,1000,178.85821533203125,9.241844177246094
951,1,1000,1000,178.85824584960938,9.241852760314941
952,1,1000,1000,178.8582000732422,9.241853713989258
953,1,1000,1000,178.85812377929688,9.241827011108398
954,1,1000,1000,178.8580780029297,9.241840362548828
955,1,1000,1000,178.85806274414062,9.24183177947998
956,1,1000,1000,178.85800170898438,9.241841316223145
957,1,1000,1000,178.85800170898438,9.241872787475586
958,1,1000,1000,178.85806274414062,9.241890907287598
959,1,1000,1000,178.85812377929688,9.24189281463623
960,1,1000,1000,178.85813903808594,9.241899490356445
961,1,1000,1000,178.85813903808594,9.241890907287598
962,1,1000,1000,178.85806274414062,9.241876602172852
963,1,1000,1000,178.85806274414062,9.241842269897461
964,1,1000,1000,178.8580322265625,9.24183177947998
965,1,1000,1000,178.85800170898438,9.241813659667969
966,1,1000,1000,178.85784912109375,9.241837501525879
967,1,1000,1000,178.85765075683594,9.241853713989258
968,1,1000,1000,178.8575439453125,9.241852760314941
969,1,1000,1000,178.85751342773438,9.241843223571777
970,1,1000,1000,178.85763549804688,9.241853713989258
971,1,1000,1000,178.85768127441406,9.241847038269043
972,1,1000,1000,178.85768127441406,9.241841316223145
973,1,1000,1000,178.85769653320312,9.241842269897461
974,1,1000,1000,178.85769653320312,9.241832733154297
975,1,1000,1000,178.857666015625,9.241828918457031
976,1,1000,1000,178.857666015625,9.24184513092041
977,1,1000,1000,178.85760498046875,9.241856575012207
978,1,1000,1000,178.85763549804688,9.24185848236084
979,1,1000,1000,178.857666015625,9.24186897277832
980,1,1000,1000,178.857666015625,9.241863250732422
981,1,1000,1000,178.85768127441406,9.241840362548828
982,1,1000,1000,178.85769653320312,9.24182415008545
983,1,1000,1000,178.8577880859375,9.241828918457031
984,1,1000,1000,178.85768127441406,9.241853713989258
985,1,1000,1000,178.8576202392578,9.241865158081055
986,1,1000,1000,178.857666015625,9.241843223571777
987,1,1000,1000,178.85772705078125,9.241829872131348
988,1,1000,1000,178.85777282714844,9.241828918457031
989,1,1000,1000,178.85775756835938,9.241848945617676
990,1,1000,1000,178.85775756835938,9.241856575012207
991,1,1000,1000,178.8577880859375,9.241856575012207
992,1,1000,1000,178.85797119140625,9.241849899291992
993,1,1000,1000,178.8580780029297,9.241835594177246
994,1,1000,1000,178.85818481445312,9.241800308227539
995,1,1000,1000,178.85824584960938,9.241804122924805
996,1,1000,1000,178.85812377929688,9.241826057434082
997,1,1000,1000,178.8579864501953,9.241869926452637
998,1,1000,1000,178.85806274414062,9.2418851852417
999,1,1000,1000,178.85821533203125,9.241851806640625
1000,1,1000,1000,178.85836791992188,9.241852760314941
1001,1,1000,1000,178.85830688476562,9.241844177246094
1002,1,1000,1000,178.8583984375,9.241832733154297
1003,1,1000,1000,178.85836791992188,9.241822242736816
1004,1,1000,1000,178.85833740234375,9.241815567016602
1005,1,1000,1000,178.85836791992188,9.24183464050293
1006,1,1000,1000,178.85824584960938,9.241848945617676
1007,1,1000,1000,178.8582763671875,9.241864204406738
1008,1,1000,1000,178.85836791992188,9.241864204406738
1009,1,1000,1000,178.85845947265625,9.241857528686523
1010,1,1000,1000,178.85850524902344,9.24183464050293
1011,1,1000,1000,178.85845947265625,9.241827011108398
1012,1,1000,1000,178.85833740234375,9.241847038269043
1013,1,1000,1000,178.85842895507812,9.241839408874512
1014,1,1000,1000,178.85836791992188,9.241823196411133
1015,1,1000,1000,178.85836791992188,9.241819381713867
1016,1,1000,1000,178.8585205078125,9.241838455200195
1017,1,1000,1000,178.85845947265625,9.24184799194336
1018,1,1000,1000,178.85830688476562,9.241859436035156
1019,1,1000,1000,178.85830688476562,9.241859436035156
1020,1,1000,1000,178.8582763671875,9.241842269897461
1021,1,1000,1000,178.8583221435547,9.241825103759766
1022,1,1000,1000,178.8583526611328,9.241839408874512
1023,1,1000,1000,178.85836791992188,9.241853713989258
1024,1,1000,1000,178.85824584960938,9.241866111755371
1025,1,1000,1000,178.85818481445312,9.241859436035156
1026,1,1000,1000,178.85821533203125,9.24182415008545
1027,1,1000,1000,178.8582000732422,9.241829872131348
1028,1,1000,1000,178.85821533203125,9.241842269897461
1029,1,1000,1000,178.8582763671875,9.241864204406738
1030,1,1000,1000,178.85833740234375,9.241867065429688
1031,1,1000,1000,178.85836791992188,9.24186897277832
1032,1,1000,1000,178.85842895507812,9.241868019104004
1033,1,1000,1000,178.8584747314453,9.241868019104004
1034,1,1000,1000,178.8583526611328,9.241848945617676
1035,1,1000,1000,178.8583984375,9.241827011108398
1036,1,1000,1000,178.8584442138672,9.241822242736816
1037,1,1000,1000,178.8585205078125,9.241828918457031
1038,1,1000,1000,178.85848999023438,9.241836547851562
1039,1,1000,1000,178.8583984375,9.241851806640625
1040,1,1000,1000,178.85833740234375,9.24185848236084
1041,1,1000,1000,178.85836791992188,9.241848945617676
1042,1,1000,1000,178.85842895507812,9.241850852966309
1043,1,1000,1000,178.85850524902344,9.24184799194336
1044,1,1000,1000,178.85842895507812,9.241839408874512
1045,1,1000,1000,178.85830688476562,9.241848945617676
1046,1,1000,1000,178.85824584960938,9.241859436035156
1047,1,1000,1000,178.85824584960938,9.241859436035156
1048,1,1000,1000,178.85824584960938,9.241850852966309
1049,1,1000,1000,178.85821533203125,9.24184799194336
1050,1,1000,1000,178.85818481445312,9.241838455200195
1051,1,1000,1000,178.85816955566406,9.241841316223145
1052,1,1000,1000,178.8581085205078,9.241862297058105
1053,1,1000,1000,178.85812377929688,9.24186897277832
1054,1,1000,1000,178.8582763671875,9.241868019104004
1055,1,1000,1000,178.85830688476562,9.241856575012207
1056,1,1000,1000,178.85836791992188,9.24183177947998
1057,1,1000,1000,178.85850524902344,9.24181079864502
1058,1,1000,1000,178.85848999023438,9.241809844970703
1059,1,1000,1000,178.85842895507812,9.241813659667969
1060,1,1000,1000,178.85836791992188,9.241825103759766
1061,1,1000,1000,178.85824584960938,9.241850852966309
1062,1,1000,1000,178.858154296875,9.241852760314941
1063,1,1000,1000,178.85812377929688,9.241843223571777
1064,1,1000,1000,178.85818481445312,9.241852760314941
1065,1,1000,1000,178.8582305908203,9.241853713989258
1066,1,1000,1000,178.85824584960938,9.241854667663574
1067,1,1000,1000,178.8582763671875,9.241854667663574
1068,1,1000,1000,178.8582763671875,9.241844177246094
1069,1,1000,1000,178.85830688476562,9.24184513092041
1070,1,1000,1000,178.85833740234375,9.241866111755371
1071,1,1000,1000,178.85830688476562,9.241864204406738
1072,1,1000,1000,178.8582763671875,9.241860389709473
1073,1,1000,1000,178.85833740234375,9.241835594177246
1074,1,1000,1000,178.85830688476562,9.241822242736816
1075,1,1000,1000,178.85830688476562,9.241828918457031
1076,1,1000,1000,178.85830688476562,9.241859436035156
1077,1,1000,1000,178.85826110839844,9.241861343383789
1078,1,1000,1000,178.8582305908203,9.24184799194336
1079,1,1000,1000,178.858154296875,9.241827011108398
1080,1,1000,1000,178.8582000732422,9.241800308227539
1081,1,1000,1000,178.85818481445312,9.241806983947754
1082,1,1000,1000,178.8580322265625,9.24182415008545
1083,1,1000,1000,178.85794067382812,9.241813659667969
1084,1,1000,1000,178.85800170898438,9.241826057434082
1085,1,1000,1000,178.8579559326172,9.24183177947998
1086,1,1000,1000,178.85797119140625,9.241850852966309
1087,1,1000,1000,178.8579864501953,9.241850852966309
1088,1,1000,1000,178.85801696777344,9.24187183380127
1089,1,1000,1000,178.85804748535156,9.241881370544434
1090,1,1000,1000,178.85812377929688,9.24188232421875
1091,1,1000,1000,178.85818481445312,9.2418851852417
1092,1,1000,1000,178.85824584960938,9.241859436035156
1093,1,1000,1000,178.8582763671875,9.241841316223145
1094,1,1000,1000,178.85818481445312,9.241840362548828
1095,1,1000,1000,178.85812377929688,9.241838455200195
1096,1,1000,1000,178.85800170898438,9.241820335388184
1097,1,1000,1000,178.85791015625,9.241843223571777
1098,1,1000,1000,178.85787963867188,9.241876602172852
1099,1,1000,1000,178.85784912109375,9.241862297058105
1100,1,1000,1000,178.85784912109375,9.241838455200195
1101,1,1000,1000,178.85784912109375,9.241816520690918
1102,1,1000,1000,178.85781860351562,9.241828918457031
1103,1,1000,1000,178.85784912109375,9.24184799194336
1104,1,1000,1000,178.8578643798828,9.241850852966309
1105,1,1000,1000,178.85787963867188,9.241857528686523
1106,1,1000,1000,178.85787963867188,9.241867065429688
1107,1,1000,1000,178.85791015625,9.241862297058105
1108,1,1000,1000,178.85800170898438,9.2418212890625
1109,1,1000,1000,178.85806274414062,9.241802215576172
1110,1,1000,1000,178.85806274414062,9.241811752319336
1111,1,1000,1000,178.8580780029297,9.24181079864502
1112,1,1000,1000,178.85806274414062,9.241830825805664
1113,1,1000,1000,178.85804748535156,9.241829872131348
1114,1,1000,1000,178.85794067382812,9.241842269897461
1115,1,1000,1000,178.8578643798828,9.241853713989258
1116,1,1000,1000,178.85784912109375,9.24183177947998
1117,1,1000,1000,178.85787963867188,9.241830825805664
1118,1,1000,1000,178.85804748535156,9.241852760314941
1119,1,1000,1000,178.85818481445312,9.241873741149902
1120,1,1000,1000,178.85826110839844,9.241875648498535
1121,1,1000,1000,178.85824584960938,9.241856575012207
1122,1,1000,1000,178.85816955566406,9.241827011108398
1123,1,1000,1000,178.858154296875,9.241803169250488
1124,1,1000,1000,178.85816955566406,9.241802215576172
1125,1,1000,1000,178.85818481445312,9.241835594177246
1126,1,1000,1000,178.85826110839844,9.241839408874512
1127,1,1000,1000,178.85824584960938,9.241835594177246
1128,1,1000,1000,178.858154296875,9.241839408874512
1129,1,1000,1000,178.858154296875,9.241820335388184
1130,1,1000,1000,178.85818481445312,9.241805076599121
1131,1,1000,1000,178.85812377929688,9.241812705993652
1132,1,1000,1000,178.85794067382812,9.241812705993652
1133,1,1000,1000,178.85784912109375,9.241804122924805
1134,1,1000,1000,178.85784912109375,9.241827011108398
1135,1,1000,1000,178.8578338623047,9.24183464050293
1136,1,1000,1000,178.85781860351562,9.241846084594727
1137,1,1000,1000,178.85787963867188,9.241854667663574
1138,1,1000,1000,178.85781860351562,9.241851806640625
1139,1,1000,1000,178.85775756835938,9.241838455200195
1140,1,1000,1000,178.8577880859375,9.2418212890625
1141,1,1000,1000,178.8577880859375,9.24180793762207
1142,1,1000,1000,178.85775756835938,9.241809844970703
1143,1,1000,1000,178.8577423095703,9.241838455200195
1144,1,1000,1000,178.8577423095703,9.241865158081055
1145,1,1000,1000,178.85769653320312,9.241874694824219
1146,1,1000,1000,178.857666015625,9.241860389709473
1147,1,1000,1000,178.85769653320312,9.241846084594727
1148,1,1000,1000,178.857666015625,9.241842269897461
1149,1,1000,1000,178.85772705078125,9.241835594177246
1150,1,1000,1000,178.8577880859375,9.241828918457031
1151,1,1000,1000,178.85797119140625,9.241835594177246
1152,1,1000,1000,178.85806274414062,9.241863250732422
1153,1,1000,1000,178.8580780029297,9.241837501525879
1154,1,1000,1000,178.85809326171875,9.241802215576172
1155,1,1000,1000,178.85809326171875,9.241815567016602
1156,1,1000,1000,178.85794067382812,9.241838455200195
1157,1,1000,1000,178.8579864501953,9.241873741149902
1158,1,1000,1000,178.85813903808594,9.241904258728027
1159,1,1000,1000,178.8582763671875,9.24191665649414
1160,1,1000,1000,178.8583221435547,9.241907119750977
1161,1,1000,1000,178.8582763671875,9.241881370544434
1162,1,1000,1000,178.8582305908203,9.24184799194336
1163,1,1000,1000,178.85821533203125,9.241819381713867
1164,1,1000,1000,178.85821533203125,9.241801261901855
1165,1,1000,1000,178.85821533203125,9.241803169250488
1166,1,1000,1000,178.8582000732422,9.241828918457031
1167,1,1000,1000,178.8582305908203,9.24184799194336
1168,1,1000,1000,178.85821533203125,9.241866111755371
1169,1,1000,1000,178.85818481445312,9.241868019104004
1170,1,1000,1000,178.85824584960938,9.241875648498535
1171,1,1000,1000,178.85818481445312,9.241846084594727
1172,1,1000,1000,178.85806274414062,9.24182415008545
1173,1,1000,1000,178.85794067382812,9.241827011108398
1174,1,1000,1000,178.85781860351562,9.241819381713867
1175,1,1000,1000,178.8578338623047,9.241825103759766
1176,1,1000,1000,178.85791015625,9.24183177947998
1177,1,1000,1000,178.85784912109375,9.24184799194336
1178,1,1000,1000,178.857666015625,9.241853713989258
1179,1,1000,1000,178.85760498046875,9.241847038269043
1180,1,1000,1000,178.8575897216797,9.241846084594727
1181,1,1000,1000,178.85760498046875,9.24183177947998
1182,1,1000,1000,178.85760498046875,9.241822242736816
1183,1,1000,1000,178.857666015625,9.241822242736816
1184,1,1000,1000,178.85772705078125,9.2418212890625
1185,1,1000,1000,178.857666015625,9.24183177947998
1186,1,1000,1000,178.85757446289062,9.24184513092041
1187,1,1000,1000,178.8575439453125,9.24185848236084
1188,1,1000,1000,178.857666015625,9.241861343383789
1189,1,1000,1000,178.85760498046875,9.241851806640625
1190,1,1000,1000,178.85751342773438,9.241832733154297
1191,1,1000,1000,178.85736083984375,9.241812705993652
1192,1,1000,1000,178.85728454589844,9.241838455200195
1193,1,1000,1000,178.85726928710938,9.241836547851562
1194,1,1000,1000,178.85733032226562,9.241868019104004
1195,1,1000,1000,178.85739135742188,9.241883277893066
1196,1,1000,1000,178.85745239257812,9.241875648498535
1197,1,1000,1000,178.8575439453125,9.241861343383789
1198,1,1000,1000,178.8576202392578,9.241849899291992
1199,1,1000,1000,178.85769653320312,9.241833686828613
1200,1,1000,1000,178.85772705078125,9.241841316223145
1201,1,1000,1000,178.85772705078125,9.241857528686523
1202,1,1000,1000,178.85775756835938,9.241850852966309
1203,1,1000,1000,178.85769653320312,9.241849899291992
1204,1,1000,1000,178.8577880859375,9.241854667663574
1205,1,1000,1000,178.85797119140625,9.241856575012207
1206,1,1000,1000,178.85806274414062,9.241867065429688
1207,1,1000,1000,178.8580322265625,9.241849899291992
1208,1,1000,1000,178.85800170898438,9.241806030273438
1209,1,1000,1000,178.85801696777344,9.241782188415527
1210,1,1000,1000,178.85801696777344,9.24179744720459
1211,1,1000,1000,178.85800170898438,9.241827011108398
1212,1,1000,1000,178.85800170898438,9.241838455200195
1213,1,1000,1000,178.85800170898438,9.241862297058105
1214,1,1000,1000,178.85797119140625,9.241883277893066
1215,1,1000,1000,178.85792541503906,9.241866111755371
1216,1,1000,1000,178.85787963867188,9.241867065429688
1217,1,1000,1000,178.85781860351562,9.241861343383789
1218,1,1000,1000,178.85775756835938,9.241866111755371
1219,1,1000,1000,178.85777282714844,9.241868019104004
1220,1,1000,1000,178.85769653320312,9.241846084594727
1221,1,1000,1000,178.85760498046875,9.241820335388184
1222,1,1000,1000,178.85752868652344,9.241837501525879
1223,1,1000,1000,178.85757446289062,9.241843223571777
1224,1,1000,1000,178.85760498046875,9.241837501525879
1225,1,1000,1000,178.85757446289062,9.241811752319336
1226,1,1000,1000,178.85772705078125,9.24180793762207
1227,1,1000,1000,178.85781860351562,9.241826057434082
1228,1,1000,1000,178.85781860351562,9.241836547851562
1229,1,1000,1000,178.85775756835938,9.24182415008545
1230,1,1000,1000,178.85787963867188,9.241842269897461
1231,1,1000,1000,178.85797119140625,9.24181842803955
1232,1,1000,1000,178.8581085205078,9.241822242736816
1233,1,1000,1000,178.85813903808594,9.241814613342285
1234,1,1000,1000,178.8582000732422,9.24180793762207
1235,1,1000,1000,178.85818481445312,9.241803169250488
1236,1,1000,1000,178.85809326171875,9.24181079864502
1237,1,1000,1000,178.85812377929688,9.241837501525879
1238,1,1000,1000,178.85812377929688,9.241832733154297
1239,1,1000,1000,178.8579559326172,9.24184513092041
1240,1,1000,1000,178.85784912109375,9.24183464050293
1241,1,1000,1000,178.85780334472656,9.241838455200195
1242,1,1000,1000,178.85784912109375,9.241844177246094
1243,1,1000,1000,178.8580322265625,9.241823196411133
1244,1,1000,1000,178.85800170898438,9.241841316223145
1245,1,1000,1000,178.85797119140625,9.241854667663574
1246,1,1000,1000,178.85797119140625,9.241859436035156
1247,1,1000,1000,178.85797119140625,9.241881370544434
1248,1,1000,1000,178.85797119140625,9.241866111755371
1249,1,1000,1000,178.85797119140625,9.241830825805664
1250,1,1000,1000,178.85794067382812,9.241823196411133
1251,1,1000,1000,178.85794067382812,9.241817474365234
1252,1,1000,1000,178.85794067382812,9.24179744720459
1253,1,1000,1000,178.85794067382812,9.241813659667969
1254,1,1000,1000,178.85794067382812,9.241814613342285
1255,1,1000,1000,178.85797119140625,9.2418212890625
1256,1,1000,1000,178.85797119140625,9.241844177246094
1257,1,1000,1000,178.85800170898438,9.24184513092041
1258,1,1000,1000,178.8580322265625,9.241859436035156
1259,1,1000,1000,178.85806274414062,9.241866111755371
1260,1,1000,1000,178.85806274414062,9.24188232421875
1261,1,1000,1000,178.85806274414062,9.241836547851562
1262,1,1000,1000,178.8580780029297,9.24181842803955
1263,1,1000,1000,178.8580780029297,9.241828918457031
1264,1,1000,1000,178.85806274414062,9.241804122924805
1265,1,1000,1000,178.85806274414062,9.241788864135742
1266,1,1000,1000,178.85806274414062,9.241841316223145
1267,1,1000,1000,178.8580322265625,9.241847038269043
1268,1,1000,1000,178.85801696777344,9.241820335388184
1269,1,1000,1000,178.85800170898438,9.241832733154297
1270,1,1000,1000,178.85800170898438,9.24186897277832
1271,1,1000,1000,178.85801696777344,9.2418794631958
1272,1,1000,1000,178.8580322265625,9.241837501525879
1273,1,1000,1000,178.85806274414062,9.241801261901855
1274,1,1000,1000,178.85806274414062,9.241806983947754
1275,1,1000,1000,178.85809326171875,9.241856575012207
1276,1,1000,1000,178.85812377929688,9.241846084594727
1277,1,1000,1000,178.85812377929688,9.241819381713867
1278,1,1000,1000,178.85801696777344,9.241836547851562
1279,1,1000,1000,178.85809326171875,9.241822242736816
1280,1,1000,1000,178.8582763671875,9.241813659667969
1281,1,1000,1000,178.85824584960938,9.241815567016602
1282,1,1000,1000,178.858154296875,9.241800308227539
1283,1,1000,1000,178.85812377929688,9.24183177947998
1284,1,1000,1000,178.85818481445312,9.241827011108398
1285,1,1000,1000,178.85813903808594,9.241816520690918
1286,1,1000,1000,178.85812377929688,9.241817474365234
1287,1,1000,1000,178.858154296875,9.241808891296387
1288,1,1000,1000,178.85821533203125,9.24179744720459
1289,1,1000,1000,178.85816955566406,9.241829872131348
1290,1,1000,1000,178.85824584960938,9.241828918457031
1291,1,1000,1000,178.85830688476562,9.241840362548828
1292,1,1000,1000,178.85824584960938,9.24183177947998
1293,1,1000,1000,178.85818481445312,9.24183177947998
1294,1,1000,1000,178.858154296875,9.241813659667969
1295,1,1000,1000,178.85818481445312,9.241815567016602
1296,1,1000,1000,178.85818481445312,9.24181842803955
1297,1,1000,1000,178.8582763671875,9.241813659667969
1298,1,1000,1000,178.85818481445312,9.241836547851562
1299,1,1000,1000,178.85804748535156,9.241827011108398
1300,1,1000,1000,178.85806274414062,9.24179458618164
1301,1,1000,1000,178.858154296875,9.241795539855957
1302,1,1000,1000,178.8582000732422,9.241837501525879
1303,1,1000,1000,178.858154296875,9.241857528686523
1304,1,1000,1000,178.85813903808594,9.241880416870117
1305,1,1000,1000,178.85812377929688,9.2418851852417
1306,1,1000,1000,178.85826110839844,9.241878509521484
1307,1,1000,1000,178.85833740234375,9.241873741149902
1308,1,1000,1000,178.8582305908203,9.241849899291992
1309,1,1000,1000,178.85824584960938,9.241806030273438
1310,1,1000,1000,178.85830688476562,9.241803169250488
1311,1,1000,1000,178.85824584960938,9.241798400878906
1312,1,1000,1000,178.8582763671875,9.241820335388184
1313,1,1000,1000,178.85824584960938,9.241825103759766
1314,1,1000,1000,178.8582305908203,9.241817474365234
1315,1,1000,1000,178.85824584960938,9.24185562133789
1316,1,1000,1000,178.85829162597656,9.241888046264648
1317,1,1000,1000,178.85830688476562,9.241852760314941
1318,1,1000,1000,178.85826110839844,9.241825103759766
1319,1,1000,1000,178.85821533203125,9.241808891296387
1320,1,1000,1000,178.85821533203125,9.241820335388184
1321,1,1000,1000,178.85833740234375,9.241835594177246
1322,1,1000,1000,178.85833740234375,9.24185562133789
1323,1,1000,1000,178.85824584960938,9.241838455200195
1324,1,1000,1000,178.8583526611328,9.241836547851562
1325,1,1000,1000,178.8585205078125,9.241817474365234
1326,1,1000,1000,178.858642578125,9.241793632507324
1327,1,1000,1000,178.858642578125,9.24178409576416
1328,1,1000,1000,178.858642578125,9.241811752319336
1329,1,1000,1000,178.85861206054688,9.241844177246094
1330,1,1000,1000,178.85848999023438,9.241874694824219
1331,1,1000,1000,178.8583984375,9.241889953613281
1332,1,1000,1000,178.85842895507812,9.241870880126953
1333,1,1000,1000,178.85836791992188,9.24184799194336
1334,1,1000,1000,178.85833740234375,9.241853713989258
1335,1,1000,1000,178.8582763671875,9.241850852966309
1336,1,1000,1000,178.85824584960938,9.241849899291992
1337,1,1000,1000,178.858154296875,9.241836547851562
1338,1,1000,1000,178.85809326171875,9.241827964782715
1339,1,1000,1000,178.85806274414062,9.241835594177246
1340,1,1000,1000,178.85787963867188,9.241857528686523
1341,1,1000,1000,178.8577880859375,9.241890907287598
1342,1,1000,1000,178.85775756835938,9.241894721984863
