1,1,1000,1000,229.36563110351562,30.0
2,1,1000,1000,235.05532836914062,29.975475311279297
3,1,1000,1000,234.42987060546875,29.92667007446289
4,1,1000,1000,233.11712646484375,29.85382843017578
5,1,1000,1000,231.965087890625,29.757190704345703
6,1,1000,1000,230.84747314453125,29.636993408203125
7,1,1000,1000,229.73333740234375,29.493473052978516
8,1,1000,1000,228.62445068359375,29.326862335205078
9,1,1000,1000,227.5218963623047,29.137393951416016
10,1,1000,1000,226.42556762695312,28.925294876098633
11,1,1000,1000,225.33547973632812,28.690792083740234
12,1,1000,1000,224.25160217285156,28.43410873413086
13,1,1000,1000,223.1738739013672,28.155467987060547
14,1,1000,1000,222.1022491455078,27.855087280273438
15,1,1000,1000,221.03668212890625,27.533185958862305
16,1,1000,1000,219.97720336914062,27.189977645874023
17,1,1000,1000,218.92385864257812,26.8256778717041
18,1,1000,1000,217.8766632080078,26.440494537353516
19,1,1000,1000,216.83544921875,26.034639358520508
20,1,1000,1000,215.8002471923828,25.60831642150879
21,1,1000,1000,214.77098083496094,25.161731719970703
22,1,1000,1000,213.7476043701172,24.695087432861328
23,1,1000,1000,212.7301025390625,24.208585739135742
24,1,1000,1000,211.7183837890625,23.702423095703125
25,1,1000,1000,210.7124481201172,23.17679786682129
26,1,1000,1000,209.71218872070312,22.63190269470215
27,1,1000,1000,208.71763610839844,22.06793212890625
28,1,1000,1000,207.728759765625,21.485076904296875
29,1,1000,1000,206.74554443359375,20.88352394104004
30,1,1000,1000,205.76791381835938,20.26346206665039
31,1,1000,1000,204.79583740234375,19.625076293945312
32,1,1000,1000,203.82925415039062,18.968547821044922
33,1,1000,1000,202.86819458007812,18.29405975341797
34,1,1000,1000,201.91262817382812,17.601791381835938
35,1,1000,1000,200.96243286132812,16.891921997070312
36,1,1000,1000,200.0177001953125,16.16462516784668
37,1,1000,1000,199.0783233642578,15.420076370239258
38,1,1000,1000,198.144287109375,14.658447265625
39,1,1000,1000,197.21554565429688,13.87990951538086
40,1,1000,1000,196.2921142578125,13.08463191986084
41,1,1000,1000,195.37396240234375,12.272782325744629
42,1,1000,1000,194.46099853515625,11.444525718688965
43,1,1000,1000,193.55323791503906,10.600027084350586
44,1,1000,1000,192.65061950683594,9.739448547363281
45,1,1000,1000,191.753173828125,8.862950325012207
46,1,1000,1000,191.21823120117188,8.577950477600098
47,1,1000,1000,191.04067993164062,8.723223686218262
48,1,1000,1000,191.07315063476562,9.02163314819336
49,1,1000,1000,191.1078338623047,9.292996406555176
50,1,1000,1000,191.1356201171875,9.536723136901855
51,1,1000,1000,191.16256713867188,9.753244400024414
52,1,1000,1000,191.1896209716797,9.9429292678833
53,1,1000,1000,191.21656799316406,10.106103897094727
54,1,1000,1000,191.243408203125,10.243069648742676
55,1,1000,1000,191.27008056640625,10.354108810424805
56,1,1000,1000,191.296630859375,10.439493179321289
57,1,1000,1000,191.32305908203125,10.499486923217773
58,1,1000,1000,191.349365234375,10.534348487854004
59,1,1000,1000,191.3755340576172,10.544331550598145
60,1,1000,1000,191.40155029296875,10.52968692779541
61,1,1000,1000,191.42742919921875,10.49066162109375
62,1,1000,1000,191.45315551757812,10.427499771118164
63,1,1000,1000,191.47879028320312,10.34044361114502
64,1,1000,1000,191.50433349609375,10.229732513427734
65,1,1000,1000,191.52969360351562,10.095602035522461
66,1,1000,1000,191.55490112304688,9.938287734985352
67,1,1000,1000,191.58004760742188,9.758020401000977
68,1,1000,1000,191.6050262451172,9.555030822753906
69,1,1000,1000,191.802734375,9.354084968566895
70,1,1000,1000,192.25482177734375,9.147448539733887
71,1,1000,1000,192.57691955566406,9.083602905273438
72,1,1000,1000,192.72596740722656,9.120936393737793
73,1,1000,1000,192.75112915039062,9.192602157592773
74,1,1000,1000,192.79888916015625,9.249876022338867
75,1,1000,1000,192.85195922851562,9.28199291229248
76,1,1000,1000,192.90435791015625,9.289185523986816
77,1,1000,1000,193.0509033203125,9.275029182434082
78,1,1000,1000,193.30429077148438,9.243827819824219
79,1,1000,1000,193.4563751220703,9.22739028930664
80,1,1000,1000,193.50399780273438,9.225696563720703
81,1,1000,1000,193.4930877685547,9.232086181640625
82,1,1000,1000,193.46420288085938,9.239629745483398
83,1,1000,1000,193.43988037109375,9.244368553161621
84,1,1000,1000,193.42710876464844,9.245596885681152
85,1,1000,1000,193.42417907714844,9.24453067779541
86,1,1000,1000,193.42623901367188,9.242799758911133
87,1,1000,1000,193.42959594726562,9.241508483886719
88,1,1000,1000,193.43209838867188,9.241018295288086
89,1,1000,1000,193.43328857421875,9.241141319274902
90,1,1000,1000,193.4335174560547,9.241520881652832
91,1,1000,1000,193.4332275390625,9.241854667663574
92,1,1000,1000,193.43310546875,9.242015838623047
93,1,1000,1000,193.43289184570312,9.242019653320312
94,1,1000,1000,193.4326629638672,9.241941452026367
95,1,1000,1000,193.4324188232422,9.24185562133789
96,1,1000,1000,193.43215942382812,9.24180793762207
97,1,1000,1000,193.43202209472656,9.241800308227539
98,1,1000,1000,193.43197631835938,9.241817474365234
99,1,1000,1000,193.43182373046875,9.241838455200195
100,1,1000,1000,193.43174743652344,9.241848945617676
101,1,1000,1000,193.43145751953125,9.24184513092041
102,1,1000,1000,193.43153381347656,9.241838455200195
103,1,1000,1000,193.43153381347656,9.241833686828613
104,1,1000,1000,193.43167114257812,9.241836547851562
105,1,1000,1000,193.43179321289062,9.241836547851562
106,1,1000,1000,193.4317626953125,9.241840362548828
107,1,1000,1000,193.43161010742188,9.241837501525879
108,1,1000,1000,193.4315185546875,9.241840362548828
109,1,1000,1000,193.43148803710938,9.241847038269043
110,1,1000,1000,193.43148803710938,9.241848945617676
111,1,1000,1000,193.43150329589844,9.241853713989258
112,1,1000,1000,193.43153381347656,9.241859436035156
113,1,1000,1000,193.43154907226562,9.24185562133789
114,1,1000,1000,193.4314727783203,9.241848945617676
115,1,1000,1000,193.4315185546875,9.241846084594727
116,1,1000,1000,193.4314727783203,9.241854667663574
117,1,1000,1000,193.43153381347656,9.24185562133789
118,1,1000,1000,193.43157958984375,9.241866111755371
119,1,1000,1000,193.4315185546875,9.241872787475586
120,1,1000,1000,193.4315643310547,9.241873741149902
121,1,1000,1000,193.43154907226562,9.241877555847168
122,1,1000,1000,193.43161010742188,9.241876602172852
123,1,1000,1000,193.4315643310547,9.241866111755371
124,1,1000,1000,193.431640625,9.241867065429688
125,1,1000,1000,193.43157958984375,9.24186897277832
126,1,1000,1000,193.43154907226562,9.241870880126953
127,1,1000,1000,193.43161010742188,9.241877555847168
128,1,1000,1000,193.4315643310547,9.241874694824219
129,1,1000,1000,193.43161010742188,9.241869926452637
130,1,1000,1000,193.43157958984375,9.241865158081055
131,1,1000,1000,193.431640625,9.241865158081055
132,1,1000,1000,193.4315948486328,9.241866111755371
133,1,1000,1000,193.431640625,9.241869926452637
134,1,1000,1000,193.43157958984375,9.241870880126953
135,1,1000,1000,193.43162536621094,9.241873741149902
136,1,1000,1000,193.43157958984375,9.241874694824219
137,1,1000,1000,193.431640625,9.241876602172852
138,1,1000,1000,193.43161010742188,9.241876602172852
139,1,1000,1000,193.43167114257812,9.241877555847168
140,1,1000,1000,193.43150329589844,9.241876602172852
141,1,1000,1000,193.43150329589844,9.241864204406738
142,1,1000,1000,193.4315185546875,9.241864204406738
143,1,1000,1000,193.43153381347656,9.241857528686523
144,1,1000,1000,193.43154907226562,9.241865158081055
145,1,1000,1000,193.43154907226562,9.241862297058105
146,1,1000,1000,193.43157958984375,9.241869926452637
147,1,1000,1000,193.43157958984375,9.241866111755371
148,1,1000,1000,193.43157958984375,9.241872787475586
149,1,1000,1000,193.43157958984375,9.241868019104004
150,1,1000,1000,193.4315948486328,9.241874694824219
151,1,1000,1000,193.4315948486328,9.241870880126953
152,1,1000,1000,193.43161010742188,9.241877555847168
153,1,1000,1000,193.43161010742188,9.241873741149902
154,1,1000,1000,193.43161010742188,9.241867065429688
155,1,1000,1000,193.43154907226562,9.241862297058105
156,1,1000,1000,193.43157958984375,9.241862297058105
157,1,1000,1000,193.4315185546875,9.241864204406738
158,1,1000,1000,193.43157958984375,9.241868019104004
159,1,1000,1000,193.4315185546875,9.241870880126953
160,1,1000,1000,193.43157958984375,9.241873741149902
161,1,1000,1000,193.43153381347656,9.241873741149902
162,1,1000,1000,193.43157958984375,9.241868019104004
163,1,1000,1000,193.43153381347656,9.241868019104004
164,1,1000,1000,193.4315948486328,9.241865158081055
165,1,1000,1000,193.43154907226562,9.24186897277832
166,1,1000,1000,193.4315948486328,9.241863250732422
167,1,1000,1000,193.431640625,9.241868019104004
168,1,1000,1000,193.4315643310547,9.241862297058105
169,1,1000,1000,193.43161010742188,9.24186897277832
170,1,1000,1000,193.431640625,9.241864204406738
171,1,1000,1000,193.43167114257812,9.241869926452637
172,1,1000,1000,193.43167114257812,9.241865158081055
173,1,1000,1000,193.43167114257812,9.24187183380127
174,1,1000,1000,193.43167114257812,9.241868019104004
175,1,1000,1000,193.43167114257812,9.241861343383789
176,1,1000,1000,193.43161010742188,9.241856575012207
177,1,1000,1000,193.43165588378906,9.241870880126953
178,1,1000,1000,193.4315948486328,9.241873741149902
179,1,1000,1000,193.43165588378906,9.24187183380127
180,1,1000,1000,193.4315948486328,9.241867065429688
181,1,1000,1000,193.43165588378906,9.241865158081055
182,1,1000,1000,193.43161010742188,9.241864204406738
183,1,1000,1000,193.43167114257812,9.241867065429688
184,1,1000,1000,193.43148803710938,9.24186897277832
185,1,1000,1000,193.43148803710938,9.24187183380127
186,1,1000,1000,193.4314422607422,9.241872787475586
187,1,1000,1000,193.43148803710938,9.241861343383789
188,1,1000,1000,193.43153381347656,9.241861343383789
189,1,1000,1000,193.43154907226562,9.241854667663574
190,1,1000,1000,193.43154907226562,9.241861343383789
191,1,1000,1000,193.4315643310547,9.241857528686523
192,1,1000,1000,193.43157958984375,9.241865158081055
193,1,1000,1000,193.43157958984375,9.241861343383789
194,1,1000,1000,193.43157958984375,9.241868019104004
195,1,1000,1000,193.4315948486328,9.241863250732422
196,1,1000,1000,193.4315948486328,9.24186897277832
197,1,1000,1000,193.4315948486328,9.241865158081055
198,1,1000,1000,193.43161010742188,9.24187183380127
199,1,1000,1000,193.43161010742188,9.241868019104004
200,1,1000,1000,193.43161010742188,9.241874694824219
201,1,1000,1000,193.43161010742188,9.241870880126953
202,1,1000,1000,193.43162536621094,9.241877555847168
203,1,1000,1000,193.43162536621094,9.241873741149902
204,1,1000,1000,193.43162536621094,9.241866111755371
205,1,1000,1000,193.43154907226562,9.241861343383789
206,1,1000,1000,193.4315948486328,9.241862297058105
207,1,1000,1000,193.43153381347656,9.241864204406738
208,1,1000,1000,193.43157958984375,9.241868019104004
209,1,1000,1000,193.43154907226562,9.241869926452637
210,1,1000,1000,193.4315948486328,9.241872787475586
211,1,1000,1000,193.43154907226562,9.241872787475586
212,1,1000,1000,193.4315948486328,9.241874694824219
213,1,1000,1000,193.43154907226562,9.241874694824219
214,1,1000,1000,193.43161010742188,9.241876602172852
215,1,1000,1000,193.43154907226562,9.241877555847168
216,1,1000,1000,193.43161010742188,9.241866111755371
217,1,1000,1000,193.43157958984375,9.241866111755371
218,1,1000,1000,193.43162536621094,9.241860389709473
219,1,1000,1000,193.43167114257812,9.241867065429688
220,1,1000,1000,193.43161010742188,9.241863250732422
221,1,1000,1000,193.43165588378906,9.24187183380127
222,1,1000,1000,193.43167114257812,9.241868019104004
223,1,1000,1000,193.43161010742188,9.241873741149902
224,1,1000,1000,193.43167114257812,9.241869926452637
225,1,1000,1000,193.43161010742188,9.241876602172852
226,1,1000,1000,193.43167114257812,9.241873741149902
227,1,1000,1000,193.431640625,9.241866111755371
228,1,1000,1000,193.43161010742188,9.241861343383789
229,1,1000,1000,193.4315948486328,9.241861343383789
230,1,1000,1000,193.4315948486328,9.241864204406738
231,1,1000,1000,193.4315948486328,9.241868019104004
232,1,1000,1000,193.4315948486328,9.241870880126953
233,1,1000,1000,193.4315948486328,9.241872787475586
234,1,1000,1000,193.4315948486328,9.241873741149902
235,1,1000,1000,193.43161010742188,9.241874694824219
236,1,1000,1000,193.43161010742188,9.241874694824219
237,1,1000,1000,193.43161010742188,9.241875648498535
238,1,1000,1000,193.43161010742188,9.241876602172852
239,1,1000,1000,193.43162536621094,9.241878509521484
240,1,1000,1000,193.431640625,9.241880416870117
241,1,1000,1000,193.431640625,9.241868019104004
242,1,1000,1000,193.431640625,9.24186897277832
243,1,1000,1000,193.43173217773438,9.241863250732422
244,1,1000,1000,193.43170166015625,9.24186897277832
245,1,1000,1000,193.43174743652344,9.241866111755371
246,1,1000,1000,193.43170166015625,9.241866111755371
247,1,1000,1000,193.43167114257812,9.241863250732422
248,1,1000,1000,193.43167114257812,9.241868019104004
249,1,1000,1000,193.43167114257812,9.241868019104004
250,1,1000,1000,193.43167114257812,9.241866111755371
251,1,1000,1000,193.4315643310547,9.241864204406738
252,1,1000,1000,193.4315948486328,9.241864204406738
253,1,1000,1000,193.43153381347656,9.241863250732422
254,1,1000,1000,193.4315948486328,9.241865158081055
255,1,1000,1000,193.43154907226562,9.241866111755371
256,1,1000,1000,193.4315948486328,9.24186897277832
257,1,1000,1000,193.43154907226562,9.241869926452637
258,1,1000,1000,193.43161010742188,9.24187183380127
259,1,1000,1000,193.4315643310547,9.241872787475586
260,1,1000,1000,193.43161010742188,9.241874694824219
261,1,1000,1000,193.4315643310547,9.241874694824219
262,1,1000,1000,193.43161010742188,9.241869926452637
263,1,1000,1000,193.43157958984375,9.241869926452637
264,1,1000,1000,193.431640625,9.241861343383789
265,1,1000,1000,193.4315948486328,9.241865158081055
266,1,1000,1000,193.431640625,9.241862297058105
267,1,1000,1000,193.43161010742188,9.241869926452637
268,1,1000,1000,193.43167114257812,9.241867065429688
269,1,1000,1000,193.43161010742188,9.241873741149902
270,1,1000,1000,193.43167114257812,9.241869926452637
271,1,1000,1000,193.43162536621094,9.241875648498535
272,1,1000,1000,193.43167114257812,9.24187183380127
273,1,1000,1000,193.431640625,9.241870880126953
274,1,1000,1000,193.43161010742188,9.241867065429688
275,1,1000,1000,193.43167114257812,9.241864204406738
276,1,1000,1000,193.4315185546875,9.241861343383789
277,1,1000,1000,193.4315185546875,9.241862297058105
278,1,1000,1000,193.43145751953125,9.241863250732422
279,1,1000,1000,193.4315185546875,9.241873741149902
280,1,1000,1000,193.43145751953125,9.241875648498535
281,1,1000,1000,193.4315185546875,9.241874694824219
282,1,1000,1000,193.4314727783203,9.24187183380127
283,1,1000,1000,193.43153381347656,9.241865158081055
284,1,1000,1000,193.43148803710938,9.241865158081055
285,1,1000,1000,193.43153381347656,9.241863250732422
286,1,1000,1000,193.43148803710938,9.241867065429688
