1,1,1000,1000,243.68955993652344,30.0
2,1,1000,1000,250.3771209716797,29.975475311279297
3,1,1000,1000,249.7965087890625,29.92667007446289
4,1,1000,1000,248.4379119873047,29.85382843017578
5,1,1000,1000,247.26724243164062,29.757190704345703
6,1,1000,1000,246.13726806640625,29.636993408203125
7,1,1000,1000,245.01025390625,29.493473052978516
8,1,1000,1000,243.8883514404297,29.326862335205078
9,1,1000,1000,242.7728271484375,29.137393951416016
10,1,1000,1000,241.66371154785156,28.925294876098633
11,1,1000,1000,240.5608367919922,28.690792083740234
12,1,1000,1000,239.46420288085938,28.43410873413086
13,1,1000,1000,238.37380981445312,28.155467987060547
14,1,1000,1000,237.28956604003906,27.85508918762207
15,1,1000,1000,236.21141052246094,27.533187866210938
16,1,1000,1000,235.1394500732422,27.18998146057129
17,1,1000,1000,234.0736846923828,26.825681686401367
18,1,1000,1000,233.01409912109375,26.440500259399414
19,1,1000,1000,231.96054077148438,26.034645080566406
20,1,1000,1000,230.91310119628906,25.60832405090332
21,1,1000,1000,229.87155151367188,25.161741256713867
22,1,1000,1000,228.83602905273438,24.695098876953125
23,1,1000,1000,227.80636596679688,24.20859718322754
24,1,1000,1000,226.7825164794922,23.702436447143555
25,1,1000,1000,225.76451110839844,23.17681121826172
26,1,1000,1000,224.7522430419922,22.63191795349121
27,1,1000,1000,223.74574279785156,22.067949295043945
28,1,1000,1000,222.74497985839844,21.48509407043457
29,1,1000,1000,221.74990844726562,20.883543014526367
30,1,1000,1000,220.760498046875,20.26348304748535
31,1,1000,1000,219.77667236328125,19.625097274780273
32,1,1000,1000,218.79843139648438,18.968570709228516
33,1,1000,1000,217.82566833496094,18.294084548950195
34,1,1000,1000,216.85836791992188,17.601818084716797
35,1,1000,1000,215.89669799804688,16.891948699951172
36,1,1000,1000,214.94046020507812,16.164653778076172
37,1,1000,1000,213.98959350585938,15.420106887817383
38,1,1000,1000,213.04405212402344,14.658480644226074
39,1,1000,1000,212.1039581298828,13.879945755004883
40,1,1000,1000,211.1691436767578,13.084671020507812
41,1,1000,1000,210.23963928222656,12.272823333740234
42,1,1000,1000,209.3154754638672,11.44456958770752
43,1,1000,1000,208.39651489257812,10.600072860717773
44,1,1000,1000,207.48269653320312,9.739496231079102
45,1,1000,1000,206.57403564453125,8.863000869750977
46,1,1000,1000,206.15184020996094,8.578377723693848
47,1,1000,1000,206.07681274414062,8.723733901977539
48,1,1000,1000,206.12860107421875,9.022008895874023
49,1,1000,1000,206.17710876464844,9.293240547180176
50,1,1000,1000,206.22096252441406,9.536837577819824
51,1,1000,1000,206.264404296875,9.7532320022583
52,1,1000,1000,206.30767822265625,9.942791938781738
53,1,1000,1000,206.35081481933594,10.105844497680664
54,1,1000,1000,206.39358520507812,10.242690086364746
55,1,1000,1000,206.43612670898438,10.35361099243164
56,1,1000,1000,206.4784393310547,10.438879013061523
57,1,1000,1000,206.52056884765625,10.498757362365723
58,1,1000,1000,206.56236267089844,10.5335054397583
59,1,1000,1000,206.60397338867188,10.543376922607422
60,1,1000,1000,206.64529418945312,10.5286226272583
61,1,1000,1000,206.6865234375,10.489489555358887
62,1,1000,1000,206.7274169921875,10.42622184753418
63,1,1000,1000,206.76809692382812,10.33906078338623
64,1,1000,1000,206.80856323242188,10.228246688842773
65,1,1000,1000,206.84872436523438,10.094015121459961
66,1,1000,1000,206.88870239257812,9.936600685119629
67,1,1000,1000,206.928466796875,9.756235122680664
68,1,1000,1000,206.96798706054688,9.55314826965332
69,1,1000,1000,207.00738525390625,9.327568054199219
70,1,1000,1000,207.04641723632812,9.079718589782715
71,1,1000,1000,207.06463623046875,9.026094436645508
72,1,1000,1000,207.06813049316406,9.094588279724121
73,1,1000,1000,207.06570434570312,9.193731307983398
74,1,1000,1000,207.0634307861328,9.26749038696289
75,1,1000,1000,207.0613555908203,9.315855979919434
76,1,1000,1000,207.05926513671875,9.339132308959961
77,1,1000,1000,207.05718994140625,9.337602615356445
78,1,1000,1000,207.05520629882812,9.311534881591797
79,1,1000,1000,207.05316162109375,9.261185646057129
80,1,1000,1000,207.0522003173828,9.226959228515625
81,1,1000,1000,207.05184936523438,9.216310501098633
82,1,1000,1000,207.05203247070312,9.222274780273438
83,1,1000,1000,207.0521240234375,9.233903884887695
84,1,1000,1000,207.05194091796875,9.24319076538086
85,1,1000,1000,207.05210876464844,9.247183799743652
86,1,1000,1000,207.05218505859375,9.246772766113281
87,1,1000,1000,207.05197143554688,9.244362831115723
88,1,1000,1000,207.0521240234375,9.242043495178223
89,1,1000,1000,207.05194091796875,9.24081039428711
90,1,1000,1000,207.0521240234375,9.240670204162598
91,1,1000,1000,207.05194091796875,9.241135597229004
92,1,1000,1000,207.0521240234375,9.241698265075684
93,1,1000,1000,207.0519561767578,9.24205493927002
94,1,1000,1000,207.0521240234375,9.242152214050293
95,1,1000,1000,207.0519561767578,9.24207592010498
96,1,1000,1000,207.0521240234375,9.24194622039795
97,1,1000,1000,207.0519561767578,9.24184799194336
98,1,1000,1000,207.05213928222656,9.241809844970703
99,1,1000,1000,207.05197143554688,9.24181842803955
100,1,1000,1000,207.05213928222656,9.241847038269043
101,1,1000,1000,207.05197143554688,9.241872787475586
102,1,1000,1000,207.05213928222656,9.2418851852417
103,1,1000,1000,207.05197143554688,9.241886138916016
104,1,1000,1000,207.05215454101562,9.241880416870117
105,1,1000,1000,207.05197143554688,9.241873741149902
106,1,1000,1000,207.05215454101562,9.241869926452637
107,1,1000,1000,207.05198669433594,9.24186897277832
108,1,1000,1000,207.05215454101562,9.241869926452637
109,1,1000,1000,207.052001953125,9.24187183380127
110,1,1000,1000,207.05215454101562,9.241872787475586
111,1,1000,1000,207.052001953125,9.241872787475586
112,1,1000,1000,207.0521697998047,9.241872787475586
113,1,1000,1000,207.052001953125,9.241872787475586
114,1,1000,1000,207.0521697998047,9.241872787475586
115,1,1000,1000,207.052001953125,9.241872787475586
116,1,1000,1000,207.05218505859375,9.241872787475586
117,1,1000,1000,207.052001953125,9.241872787475586
118,1,1000,1000,207.05218505859375,9.241872787475586
119,1,1000,1000,207.05201721191406,9.241872787475586
120,1,1000,1000,207.05218505859375,9.241872787475586
121,1,1000,1000,207.05201721191406,9.241872787475586
122,1,1000,1000,207.05218505859375,9.241872787475586
123,1,1000,1000,207.05203247070312,9.241872787475586
124,1,1000,1000,207.0522003173828,9.241872787475586
125,1,1000,1000,207.05203247070312,9.241872787475586
126,1,1000,1000,207.0522003173828,9.241872787475586
127,1,1000,1000,207.05203247070312,9.241872787475586
128,1,1000,1000,207.05221557617188,9.241872787475586
129,1,1000,1000,207.05203247070312,9.241872787475586
130,1,1000,1000,207.05221557617188,9.241872787475586
131,1,1000,1000,207.0520477294922,9.241872787475586
132,1,1000,1000,207.05221557617188,9.241872787475586
133,1,1000,1000,207.0520477294922,9.241872787475586
134,1,1000,1000,207.05223083496094,9.241872787475586
135,1,1000,1000,207.05206298828125,9.241872787475586
136,1,1000,1000,207.05223083496094,9.241872787475586
137,1,1000,1000,207.05206298828125,9.241872787475586
138,1,1000,1000,207.05223083496094,9.241872787475586
139,1,1000,1000,207.05206298828125,9.241872787475586
140,1,1000,1000,207.05224609375,9.241872787475586
141,1,1000,1000,207.05206298828125,9.241872787475586
142,1,1000,1000,207.05224609375,9.241872787475586
143,1,1000,1000,207.0520782470703,9.241872787475586
144,1,1000,1000,207.05224609375,9.241872787475586
145,1,1000,1000,207.0520782470703,9.241872787475586
146,1,1000,1000,207.05224609375,9.241872787475586
147,1,1000,1000,207.05209350585938,9.241872787475586
148,1,1000,1000,207.05226135253906,9.241872787475586
149,1,1000,1000,207.05209350585938,9.241872787475586
150,1,1000,1000,207.05226135253906,9.241872787475586
151,1,1000,1000,207.05209350585938,9.241872787475586
152,1,1000,1000,207.05227661132812,9.241872787475586
153,1,1000,1000,207.05209350585938,9.241872787475586
154,1,1000,1000,207.05227661132812,9.241872787475586
155,1,1000,1000,207.05209350585938,9.241872787475586
156,1,1000,1000,207.05227661132812,9.241872787475586
157,1,1000,1000,207.05210876464844,9.241872787475586
158,1,1000,1000,207.05227661132812,9.241872787475586
159,1,1000,1000,207.0521240234375,9.241872787475586
160,1,1000,1000,207.0520477294922,9.241872787475586
161,1,1000,1000,207.05226135253906,9.241872787475586
162,1,1000,1000,207.0521240234375,9.241872787475586
163,1,1000,1000,207.0520477294922,9.241872787475586
164,1,1000,1000,207.05227661132812,9.241872787475586
165,1,1000,1000,207.0521240234375,9.241872787475586
166,1,1000,1000,207.05206298828125,9.241872787475586
167,1,1000,1000,207.05227661132812,9.241872787475586
168,1,1000,1000,207.0521240234375,9.241872787475586
169,1,1000,1000,207.05206298828125,9.241872787475586
170,1,1000,1000,207.0522918701172,9.241872787475586
171,1,1000,1000,207.05213928222656,9.241872787475586
172,1,1000,1000,207.0520782470703,9.241872787475586
173,1,1000,1000,207.05230712890625,9.241872787475586
174,1,1000,1000,207.05215454101562,9.241872787475586
175,1,1000,1000,207.0520782470703,9.241872787475586
176,1,1000,1000,207.05230712890625,9.241872787475586
177,1,1000,1000,207.05215454101562,9.241872787475586
178,1,1000,1000,207.05209350585938,9.241872787475586
179,1,1000,1000,207.05230712890625,9.241872787475586
180,1,1000,1000,207.05215454101562,9.241872787475586
181,1,1000,1000,207.05209350585938,9.241872787475586
182,1,1000,1000,207.05230712890625,9.241872787475586
183,1,1000,1000,207.0521697998047,9.241872787475586
184,1,1000,1000,207.05209350585938,9.241872787475586
185,1,1000,1000,207.0523223876953,9.241872787475586
186,1,1000,1000,207.05218505859375,9.241872787475586
187,1,1000,1000,207.0521240234375,9.241872787475586
188,1,1000,1000,207.05209350585938,9.241872787475586
189,1,1000,1000,207.0523223876953,9.241872787475586
190,1,1000,1000,207.05242919921875,9.241872787475586
191,1,1000,1000,207.05247497558594,9.241872787475586
192,1,1000,1000,207.052490234375,9.241872787475586
193,1,1000,1000,207.052490234375,9.241872787475586
194,1,1000,1000,207.052490234375,9.241872787475586
195,1,1000,1000,207.052490234375,9.241872787475586
196,1,1000,1000,207.052490234375,9.241872787475586
197,1,1000,1000,207.05224609375,9.241872787475586
198,1,1000,1000,207.05209350585938,9.241872787475586
199,1,1000,1000,207.05230712890625,9.241872787475586
200,1,1000,1000,207.05213928222656,9.241872787475586
201,1,1000,1000,207.0520782470703,9.241872787475586
202,1,1000,1000,207.0522918701172,9.241872787475586
203,1,1000,1000,207.05213928222656,9.241872787475586
204,1,1000,1000,207.0520782470703,9.241872787475586
205,1,1000,1000,207.05230712890625,9.241872787475586
206,1,1000,1000,207.05215454101562,9.241872787475586
207,1,1000,1000,207.05209350585938,9.241872787475586
208,1,1000,1000,207.05230712890625,9.241872787475586
209,1,1000,1000,207.05215454101562,9.241872787475586
210,1,1000,1000,207.05209350585938,9.241872787475586
211,1,1000,1000,207.0523223876953,9.241872787475586
212,1,1000,1000,207.0521697998047,9.241872787475586
213,1,1000,1000,207.05210876464844,9.241872787475586
214,1,1000,1000,207.05233764648438,9.241872787475586
215,1,1000,1000,207.05218505859375,9.241872787475586
216,1,1000,1000,207.0521240234375,9.241872787475586
217,1,1000,1000,207.05209350585938,9.241872787475586
218,1,1000,1000,207.05233764648438,9.241872787475586
219,1,1000,1000,207.05242919921875,9.241872787475586
220,1,1000,1000,207.05247497558594,9.241872787475586
221,1,1000,1000,207.052490234375,9.241872787475586
222,1,1000,1000,207.052490234375,9.241872787475586
223,1,1000,1000,207.052490234375,9.241872787475586
224,1,1000,1000,207.052490234375,9.241872787475586
225,1,1000,1000,207.052490234375,9.241872787475586
226,1,1000,1000,207.052490234375,9.241872787475586
227,1,1000,1000,207.052490234375,9.241872787475586
228,1,1000,1000,207.052490234375,9.241872787475586
229,1,1000,1000,207.05224609375,9.241872787475586
230,1,1000,1000,207.0521240234375,9.241872787475586
231,1,1000,1000,207.05206298828125,9.241872787475586
232,1,1000,1000,207.0522918701172,9.241872787475586
233,1,1000,1000,207.05239868164062,9.241872787475586
234,1,1000,1000,207.05242919921875,9.241872787475586
235,1,1000,1000,207.0524444580078,9.241872787475586
236,1,1000,1000,207.0524444580078,9.241872787475586
237,1,1000,1000,207.05245971679688,9.241872787475586
238,1,1000,1000,207.05245971679688,9.241872787475586
239,1,1000,1000,207.05245971679688,9.241872787475586
240,1,1000,1000,207.05245971679688,9.241872787475586
241,1,1000,1000,207.05245971679688,9.241872787475586
242,1,1000,1000,207.05245971679688,9.241872787475586
243,1,1000,1000,207.05245971679688,9.241872787475586
244,1,1000,1000,207.05245971679688,9.241872787475586
245,1,1000,1000,207.05245971679688,9.241872787475586
246,1,1000,1000,207.05247497558594,9.241872787475586
247,1,1000,1000,207.05247497558594,9.241872787475586
248,1,1000,1000,207.05247497558594,9.241872787475586
249,1,1000,1000,207.05247497558594,9.241872787475586
250,1,1000,1000,207.05247497558594,9.241872787475586
251,1,1000,1000,207.052490234375,9.241872787475586
252,1,1000,1000,207.052490234375,9.241872787475586
253,1,1000,1000,207.052490234375,9.241872787475586
254,1,1000,1000,207.052490234375,9.241872787475586
255,1,1000,1000,207.052490234375,9.241872787475586
256,1,1000,1000,207.05224609375,9.241872787475586
257,1,1000,1000,207.05210876464844,9.241872787475586
258,1,1000,1000,207.05230712890625,9.241872787475586
259,1,1000,1000,207.05213928222656,9.241872787475586
260,1,1000,1000,207.0520782470703,9.241872787475586
261,1,1000,1000,207.0522918701172,9.241872787475586
262,1,1000,1000,207.05213928222656,9.241872787475586
263,1,1000,1000,207.0520782470703,9.241872787475586
264,1,1000,1000,207.05230712890625,9.241872787475586
265,1,1000,1000,207.05215454101562,9.241872787475586
266,1,1000,1000,207.05209350585938,9.241872787475586
267,1,1000,1000,207.05230712890625,9.241872787475586
268,1,1000,1000,207.05215454101562,9.241872787475586
269,1,1000,1000,207.05209350585938,9.241872787475586
270,1,1000,1000,207.0523223876953,9.241872787475586
271,1,1000,1000,207.0521697998047,9.241872787475586
272,1,1000,1000,207.05210876464844,9.241872787475586
273,1,1000,1000,207.05233764648438,9.241872787475586
274,1,1000,1000,207.05218505859375,9.241872787475586
275,1,1000,1000,207.0521240234375,9.241872787475586
276,1,1000,1000,207.05209350585938,9.241872787475586
277,1,1000,1000,207.05233764648438,9.241872787475586
278,1,1000,1000,207.05242919921875,9.241872787475586
279,1,1000,1000,207.05247497558594,9.241872787475586
280,1,1000,1000,207.052490234375,9.241872787475586
281,1,1000,1000,207.052490234375,9.241872787475586
282,1,1000,1000,207.052490234375,9.241872787475586
283,1,1000,1000,207.052490234375,9.241872787475586
284,1,1000,1000,207.052490234375,9.241872787475586
285,1,1000,1000,207.052490234375,9.241872787475586
286,1,1000,1000,207.05224609375,9.241872787475586
287,1,1000,1000,207.0521240234375,9.241872787475586
288,1,1000,1000,207.05206298828125,9.241872787475586
289,1,1000,1000,207.0522918701172,9.241872787475586
290,1,1000,1000,207.05238342285156,9.241872787475586
291,1,1000,1000,207.05242919921875,9.241872787475586
292,1,1000,1000,207.0524444580078,9.241872787475586
293,1,1000,1000,207.05242919921875,9.241872787475586
294,1,1000,1000,207.0524444580078,9.241872787475586
295,1,1000,1000,207.0524444580078,9.241872787475586
296,1,1000,1000,207.05245971679688,9.241872787475586
297,1,1000,1000,207.05245971679688,9.241872787475586
298,1,1000,1000,207.05245971679688,9.241872787475586
299,1,1000,1000,207.05245971679688,9.241872787475586
300,1,1000,1000,207.05245971679688,9.241872787475586
301,1,1000,1000,207.05245971679688,9.241872787475586
302,1,1000,1000,207.05245971679688,9.241872787475586
303,1,1000,1000,207.05245971679688,9.241872787475586
304,1,1000,1000,207.05247497558594,9.241872787475586
305,1,1000,1000,207.05247497558594,9.241872787475586
306,1,1000,1000,207.05247497558594,9.241872787475586
307,1,1000,1000,207.05247497558594,9.241872787475586
308,1,1000,1000,207.05247497558594,9.241872787475586
309,1,1000,1000,207.052490234375,9.241872787475586
310,1,1000,1000,207.052490234375,9.241872787475586
311,1,1000,1000,207.052490234375,9.241872787475586
312,1,1000,1000,207.052490234375,9.241872787475586
313,1,1000,1000,207.052490234375,9.241872787475586
314,1,1000,1000,207.05224609375,9.241872787475586
315,1,1000,1000,207.05210876464844,9.241872787475586
316,1,1000,1000,207.05230712890625,9.241872787475586
317,1,1000,1000,207.05213928222656,9.241872787475586
318,1,1000,1000,207.0520782470703,9.241872787475586
319,1,1000,1000,207.0522918701172,9.241872787475586
320,1,1000,1000,207.05213928222656,9.241872787475586
321,1,1000,1000,207.0520782470703,9.241872787475586
322,1,1000,1000,207.05230712890625,9.241872787475586
323,1,1000,1000,207.05215454101562,9.241872787475586
324,1,1000,1000,207.05209350585938,9.241872787475586
325,1,1000,1000,207.05230712890625,9.241872787475586
326,1,1000,1000,207.05215454101562,9.241872787475586
327,1,1000,1000,207.05209350585938,9.241872787475586
328,1,1000,1000,207.0523223876953,9.241872787475586
329,1,1000,1000,207.0521697998047,9.241872787475586
330,1,1000,1000,207.05210876464844,9.241872787475586
331,1,1000,1000,207.0522003173828,9.241872787475586
332,1,1000,1000,207.0521240234375,9.241872787475586
333,1,1000,1000,207.05209350585938,9.241872787475586
334,1,1000,1000,207.0523223876953,9.241872787475586
335,1,1000,1000,207.05242919921875,9.241872787475586
336,1,1000,1000,207.05247497558594,9.241872787475586
337,1,1000,1000,207.052490234375,9.241872787475586
338,1,1000,1000,207.052490234375,9.241872787475586
339,1,1000,1000,207.052490234375,9.241872787475586
340,1,1000,1000,207.052490234375,9.241872787475586
341,1,1000,1000,207.052490234375,9.241872787475586
342,1,1000,1000,207.052490234375,9.241872787475586
343,1,1000,1000,207.052490234375,9.241872787475586
344,1,1000,1000,207.052490234375,9.241872787475586
345,1,1000,1000,207.052490234375,9.241872787475586
346,1,1000,1000,207.05224609375,9.241872787475586
347,1,1000,1000,207.0521240234375,9.241872787475586
348,1,1000,1000,207.05206298828125,9.241872787475586
349,1,1000,1000,207.0522918701172,9.241872787475586
350,1,1000,1000,207.05238342285156,9.241872787475586
351,1,1000,1000,207.05242919921875,9.241872787475586
352,1,1000,1000,207.0524444580078,9.241872787475586
353,1,1000,1000,207.05242919921875,9.241872787475586
354,1,1000,1000,207.0524444580078,9.241872787475586
355,1,1000,1000,207.0524444580078,9.241872787475586
356,1,1000,1000,207.05245971679688,9.241872787475586
357,1,1000,1000,207.05245971679688,9.241872787475586
358,1,1000,1000,207.05245971679688,9.241872787475586
359,1,1000,1000,207.05245971679688,9.241872787475586
360,1,1000,1000,207.05245971679688,9.241872787475586
361,1,1000,1000,207.05245971679688,9.241872787475586
362,1,1000,1000,207.05245971679688,9.241872787475586
363,1,1000,1000,207.05247497558594,9.241872787475586
364,1,1000,1000,207.05247497558594,9.241872787475586
365,1,1000,1000,207.05247497558594,9.241872787475586
366,1,1000,1000,207.05247497558594,9.241872787475586
367,1,1000,1000,207.05247497558594,9.241872787475586
368,1,1000,1000,207.05247497558594,9.241872787475586
369,1,1000,1000,207.052490234375,9.241872787475586
370,1,1000,1000,207.052490234375,9.241872787475586
371,1,1000,1000,207.052490234375,9.241872787475586
372,1,1000,1000,207.052490234375,9.241872787475586
373,1,1000,1000,207.052490234375,9.241872787475586
374,1,1000,1000,207.052490234375,9.241872787475586
375,1,1000,1000,207.05224609375,9.241872787475586
376,1,1000,1000,207.05210876464844,9.241872787475586
377,1,1000,1000,207.05230712890625,9.241872787475586
378,1,1000,1000,207.05213928222656,9.241872787475586
379,1,1000,1000,207.0520782470703,9.241872787475586
380,1,1000,1000,207.0522918701172,9.241872787475586
381,1,1000,1000,207.05213928222656,9.241872787475586
382,1,1000,1000,207.0520782470703,9.241872787475586
383,1,1000,1000,207.05230712890625,9.241872787475586
384,1,1000,1000,207.05215454101562,9.241872787475586
385,1,1000,1000,207.05209350585938,9.241872787475586
386,1,1000,1000,207.05230712890625,9.241872787475586
387,1,1000,1000,207.05215454101562,9.241872787475586
388,1,1000,1000,207.05209350585938,9.241872787475586
389,1,1000,1000,207.0523223876953,9.241872787475586
390,1,1000,1000,207.0521697998047,9.241872787475586
391,1,1000,1000,207.05210876464844,9.241872787475586
392,1,1000,1000,207.0522003173828,9.241872787475586
393,1,1000,1000,207.0521240234375,9.241872787475586
394,1,1000,1000,207.05209350585938,9.241872787475586
395,1,1000,1000,207.05233764648438,9.241872787475586
396,1,1000,1000,207.05242919921875,9.241872787475586
397,1,1000,1000,207.05247497558594,9.241872787475586
398,1,1000,1000,207.052490234375,9.241872787475586
399,1,1000,1000,207.052490234375,9.241872787475586
400,1,1000,1000,207.052490234375,9.241872787475586
401,1,1000,1000,207.052490234375,9.241872787475586
402,1,1000,1000,207.052490234375,9.241872787475586
403,1,1000,1000,207.052490234375,9.241872787475586
404,1,1000,1000,207.052490234375,9.241872787475586
405,1,1000,1000,207.052490234375,9.241872787475586
406,1,1000,1000,207.052490234375,9.241872787475586
407,1,1000,1000,207.05224609375,9.241872787475586
408,1,1000,1000,207.0521240234375,9.241872787475586
409,1,1000,1000,207.05206298828125,9.241872787475586
410,1,1000,1000,207.0522918701172,9.241872787475586
411,1,1000,1000,207.05238342285156,9.241872787475586
412,1,1000,1000,207.05242919921875,9.241872787475586
413,1,1000,1000,207.0524444580078,9.241872787475586
414,1,1000,1000,207.05242919921875,9.241872787475586
415,1,1000,1000,207.0524444580078,9.241872787475586
416,1,1000,1000,207.0524444580078,9.241872787475586
417,1,1000,1000,207.05245971679688,9.241872787475586
418,1,1000,1000,207.05245971679688,9.241872787475586
419,1,1000,1000,207.05245971679688,9.241872787475586
420,1,1000,1000,207.05245971679688,9.241872787475586
421,1,1000,1000,207.05245971679688,9.241872787475586
422,1,1000,1000,207.05245971679688,9.241872787475586
423,1,1000,1000,207.05245971679688,9.241872787475586
424,1,1000,1000,207.05245971679688,9.241872787475586
425,1,1000,1000,207.05245971679688,9.241872787475586
426,1,1000,1000,207.05245971679688,9.241872787475586
427,1,1000,1000,207.05247497558594,9.241872787475586
428,1,1000,1000,207.05247497558594,9.241872787475586
429,1,1000,1000,207.05247497558594,9.241872787475586
430,1,1000,1000,207.05247497558594,9.241872787475586
431,1,1000,1000,207.05247497558594,9.241872787475586
432,1,1000,1000,207.052490234375,9.241872787475586
433,1,1000,1000,207.052490234375,9.241872787475586
434,1,1000,1000,207.052490234375,9.241872787475586
435,1,1000,1000,207.052490234375,9.241872787475586
436,1,1000,1000,207.05224609375,9.241872787475586
437,1,1000,1000,207.05210876464844,9.241872787475586
438,1,1000,1000,207.05230712890625,9.241872787475586
439,1,1000,1000,207.05213928222656,9.241872787475586
440,1,1000,1000,207.0520782470703,9.241872787475586
441,1,1000,1000,207.0522918701172,9.241872787475586
442,1,1000,1000,207.05213928222656,9.241872787475586
443,1,1000,1000,207.05209350585938,9.241872787475586
444,1,1000,1000,207.05230712890625,9.241872787475586
445,1,1000,1000,207.05215454101562,9.241872787475586
446,1,1000,1000,207.05209350585938,9.241872787475586
447,1,1000,1000,207.05230712890625,9.241872787475586
448,1,1000,1000,207.0521697998047,9.241872787475586
449,1,1000,1000,207.05209350585938,9.241872787475586
450,1,1000,1000,207.0523223876953,9.241872787475586
451,1,1000,1000,207.0521697998047,9.241872787475586
452,1,1000,1000,207.05210876464844,9.241872787475586
453,1,1000,1000,207.05221557617188,9.241872787475586
454,1,1000,1000,207.0521240234375,9.241872787475586
455,1,1000,1000,207.05209350585938,9.241872787475586
456,1,1000,1000,207.05233764648438,9.241872787475586
457,1,1000,1000,207.05242919921875,9.241872787475586
458,1,1000,1000,207.05245971679688,9.241872787475586
459,1,1000,1000,207.052490234375,9.241872787475586
460,1,1000,1000,207.052490234375,9.241872787475586
461,1,1000,1000,207.052490234375,9.241872787475586
462,1,1000,1000,207.052490234375,9.241872787475586
463,1,1000,1000,207.052490234375,9.241872787475586
464,1,1000,1000,207.052490234375,9.241872787475586
465,1,1000,1000,207.052490234375,9.241872787475586
466,1,1000,1000,207.05224609375,9.241872787475586
467,1,1000,1000,207.0521240234375,9.241872787475586
468,1,1000,1000,207.05206298828125,9.241872787475586
469,1,1000,1000,207.0522918701172,9.241872787475586
470,1,1000,1000,207.05238342285156,9.241872787475586
471,1,1000,1000,207.05242919921875,9.241872787475586
472,1,1000,1000,207.0524444580078,9.241872787475586
473,1,1000,1000,207.05242919921875,9.241872787475586
474,1,1000,1000,207.0524444580078,9.241872787475586
475,1,1000,1000,207.0524444580078,9.241872787475586
476,1,1000,1000,207.05245971679688,9.241872787475586
477,1,1000,1000,207.05245971679688,9.241872787475586
478,1,1000,1000,207.05245971679688,9.241872787475586
479,1,1000,1000,207.05245971679688,9.241872787475586
480,1,1000,1000,207.05245971679688,9.241872787475586
481,1,1000,1000,207.05245971679688,9.241872787475586
482,1,1000,1000,207.05245971679688,9.241872787475586
483,1,1000,1000,207.05245971679688,9.241872787475586
484,1,1000,1000,207.05247497558594,9.241872787475586
485,1,1000,1000,207.05247497558594,9.241872787475586
486,1,1000,1000,207.05247497558594,9.241872787475586
487,1,1000,1000,207.05247497558594,9.241872787475586
488,1,1000,1000,207.05247497558594,9.241872787475586
489,1,1000,1000,207.052490234375,9.241872787475586
490,1,1000,1000,207.052490234375,9.241872787475586
491,1,1000,1000,207.052490234375,9.241872787475586
492,1,1000,1000,207.052490234375,9.241872787475586
493,1,1000,1000,207.052490234375,9.241872787475586
494,1,1000,1000,207.052490234375,9.241872787475586
495,1,1000,1000,207.05224609375,9.241872787475586
496,1,1000,1000,207.05210876464844,9.241872787475586
497,1,1000,1000,207.05230712890625,9.241872787475586
498,1,1000,1000,207.05213928222656,9.241872787475586
499,1,1000,1000,207.0520782470703,9.241872787475586
500,1,1000,1000,207.0522918701172,9.241872787475586
501,1,1000,1000,207.05213928222656,9.241872787475586
502,1,1000,1000,207.05209350585938,9.241872787475586
503,1,1000,1000,207.05230712890625,9.241872787475586
504,1,1000,1000,207.05215454101562,9.241872787475586
505,1,1000,1000,207.05209350585938,9.241872787475586
506,1,1000,1000,207.05230712890625,9.241872787475586
507,1,1000,1000,207.0521697998047,9.241872787475586
508,1,1000,1000,207.05209350585938,9.241872787475586
509,1,1000,1000,207.0523223876953,9.241872787475586
510,1,1000,1000,207.0521697998047,9.241872787475586
511,1,1000,1000,207.05210876464844,9.241872787475586
512,1,1000,1000,207.0522003173828,9.241872787475586
513,1,1000,1000,207.0521240234375,9.241872787475586
514,1,1000,1000,207.05209350585938,9.241872787475586
515,1,1000,1000,207.05233764648438,9.241872787475586
516,1,1000,1000,207.05242919921875,9.241872787475586
517,1,1000,1000,207.05247497558594,9.241872787475586
518,1,1000,1000,207.052490234375,9.241872787475586
519,1,1000,1000,207.052490234375,9.241872787475586
520,1,1000,1000,207.052490234375,9.241872787475586
521,1,1000,1000,207.052490234375,9.241872787475586
522,1,1000,1000,207.052490234375,9.241872787475586
523,1,1000,1000,207.052490234375,9.241872787475586
524,1,1000,1000,207.052490234375,9.241872787475586
525,1,1000,1000,207.052490234375,9.241872787475586
526,1,1000,1000,207.05224609375,9.241872787475586
527,1,1000,1000,207.0521240234375,9.241872787475586
528,1,1000,1000,207.05206298828125,9.241872787475586
529,1,1000,1000,207.0522918701172,9.241872787475586
530,1,1000,1000,207.05239868164062,9.241872787475586
531,1,1000,1000,207.05242919921875,9.241872787475586
532,1,1000,1000,207.0524444580078,9.241872787475586
533,1,1000,1000,207.0524444580078,9.241872787475586
534,1,1000,1000,207.0524444580078,9.241872787475586
535,1,1000,1000,207.05245971679688,9.241872787475586
536,1,1000,1000,207.05245971679688,9.241872787475586
537,1,1000,1000,207.05245971679688,9.241872787475586
538,1,1000,1000,207.05245971679688,9.241872787475586
539,1,1000,1000,207.05245971679688,9.241872787475586
540,1,1000,1000,207.05245971679688,9.241872787475586
541,1,1000,1000,207.05245971679688,9.241872787475586
542,1,1000,1000,207.05245971679688,9.241872787475586
543,1,1000,1000,207.05245971679688,9.241872787475586
544,1,1000,1000,207.05245971679688,9.241872787475586
545,1,1000,1000,207.05247497558594,9.241872787475586
546,1,1000,1000,207.05247497558594,9.241872787475586
547,1,1000,1000,207.05247497558594,9.241872787475586
548,1,1000,1000,207.05247497558594,9.241872787475586
549,1,1000,1000,207.052490234375,9.241872787475586
550,1,1000,1000,207.052490234375,9.241872787475586
551,1,1000,1000,207.052490234375,9.241872787475586
552,1,1000,1000,207.052490234375,9.241872787475586
553,1,1000,1000,207.052490234375,9.241872787475586
554,1,1000,1000,207.05224609375,9.241872787475586
555,1,1000,1000,207.05209350585938,9.241872787475586
556,1,1000,1000,207.05230712890625,9.241872787475586
557,1,1000,1000,207.05213928222656,9.241872787475586
558,1,1000,1000,207.0520782470703,9.241872787475586
559,1,1000,1000,207.0522918701172,9.241872787475586
560,1,1000,1000,207.05213928222656,9.241872787475586
561,1,1000,1000,207.0520782470703,9.241872787475586
562,1,1000,1000,207.05230712890625,9.241872787475586
563,1,1000,1000,207.05215454101562,9.241872787475586
564,1,1000,1000,207.05209350585938,9.241872787475586
565,1,1000,1000,207.05230712890625,9.241872787475586
566,1,1000,1000,207.05215454101562,9.241872787475586
567,1,1000,1000,207.05209350585938,9.241872787475586
568,1,1000,1000,207.0523223876953,9.241872787475586
569,1,1000,1000,207.0521697998047,9.241872787475586
570,1,1000,1000,207.05210876464844,9.241872787475586
571,1,1000,1000,207.0522003173828,9.241872787475586
572,1,1000,1000,207.0521240234375,9.241872787475586
573,1,1000,1000,207.05209350585938,9.241872787475586
574,1,1000,1000,207.05233764648438,9.241872787475586
575,1,1000,1000,207.05242919921875,9.241872787475586
576,1,1000,1000,207.05247497558594,9.241872787475586
577,1,1000,1000,207.052490234375,9.241872787475586
578,1,1000,1000,207.052490234375,9.241872787475586
579,1,1000,1000,207.052490234375,9.241872787475586
580,1,1000,1000,207.052490234375,9.241872787475586
581,1,1000,1000,207.052490234375,9.241872787475586
582,1,1000,1000,207.052490234375,9.241872787475586
583,1,1000,1000,207.052490234375,9.241872787475586
584,1,1000,1000,207.052490234375,9.241872787475586
585,1,1000,1000,207.05224609375,9.241872787475586
586,1,1000,1000,207.0521240234375,9.241872787475586
587,1,1000,1000,207.05206298828125,9.241872787475586
588,1,1000,1000,207.0522918701172,9.241872787475586
589,1,1000,1000,207.05238342285156,9.241872787475586
590,1,1000,1000,207.05242919921875,9.241872787475586
591,1,1000,1000,207.0524444580078,9.241872787475586
592,1,1000,1000,207.05242919921875,9.241872787475586
593,1,1000,1000,207.0524444580078,9.241872787475586
594,1,1000,1000,207.0524444580078,9.241872787475586
595,1,1000,1000,207.05245971679688,9.241872787475586
596,1,1000,1000,207.05245971679688,9.241872787475586
597,1,1000,1000,207.05245971679688,9.241872787475586
598,1,1000,1000,207.05245971679688,9.241872787475586
599,1,1000,1000,207.05245971679688,9.241872787475586
600,1,1000,1000,207.05245971679688,9.241872787475586
601,1,1000,1000,207.05245971679688,9.241872787475586
602,1,1000,1000,207.05245971679688,9.241872787475586
603,1,1000,1000,207.05247497558594,9.241872787475586
604,1,1000,1000,207.05247497558594,9.241872787475586
605,1,1000,1000,207.05247497558594,9.241872787475586
606,1,1000,1000,207.05247497558594,9.241872787475586
607,1,1000,1000,207.052490234375,9.241872787475586
608,1,1000,1000,207.052490234375,9.241872787475586
609,1,1000,1000,207.052490234375,9.241872787475586
