1,1,1000,1000,263.1701354980469,30.0
2,1,1000,1000,270.5486755371094,29.975475311279297
3,1,1000,1000,270.152099609375,29.92667007446289
4,1,1000,1000,268.96575927734375,29.85382843017578
5,1,1000,1000,267.9831848144531,29.757190704345703
6,1,1000,1000,267.0440673828125,29.636993408203125
7,1,1000,1000,266.10650634765625,29.493473052978516
8,1,1000,1000,265.1726989746094,29.326862335205078
9,1,1000,1000,264.24432373046875,29.137393951416016
10,1,1000,1000,263.32122802734375,28.925294876098633
11,1,1000,1000,262.4033508300781,28.690792083740234
12,1,1000,1000,261.4906921386719,28.43410873413086
13,1,1000,1000,260.5832214355469,28.155467987060547
14,1,1000,1000,259.68072509765625,27.85508918762207
15,1,1000,1000,258.7834777832031,27.533187866210938
16,1,1000,1000,257.891357421875,27.18998146057129
17,1,1000,1000,257.004150390625,26.825681686401367
18,1,1000,1000,256.1220703125,26.440500259399414
19,1,1000,1000,255.24501037597656,26.034645080566406
20,1,1000,1000,254.37283325195312,25.60832405090332
21,1,1000,1000,253.50558471679688,25.161741256713867
22,1,1000,1000,252.64332580566406,24.695098876953125
23,1,1000,1000,251.78587341308594,24.20859718322754
24,1,1000,1000,250.93338012695312,23.702436447143555
25,1,1000,1000,250.08555603027344,23.17681121826172
26,1,1000,1000,249.24267578125,22.63191795349121
27,1,1000,1000,248.4045867919922,22.067949295043945
28,1,1000,1000,247.57115173339844,21.48509407043457
29,1,1000,1000,246.74249267578125,20.883543014526367
30,1,1000,1000,245.91854858398438,20.26348304748535
31,1,1000,1000,245.09930419921875,19.625097274780273
32,1,1000,1000,244.28463745117188,18.968570709228516
33,1,1000,1000,243.47459411621094,18.294084548950195
34,1,1000,1000,242.66915893554688,17.601818084716797
35,1,1000,1000,241.86831665039062,16.891948699951172
36,1,1000,1000,241.07196044921875,16.164653778076172
37,1,1000,1000,240.2801513671875,15.420106887817383
38,1,1000,1000,239.49276733398438,14.658480644226074
39,1,1000,1000,238.7098388671875,13.879945755004883
40,1,1000,1000,237.93136596679688,13.084671020507812
41,1,1000,1000,237.15731811523438,12.272823333740234
42,1,1000,1000,236.38760375976562,11.44456958770752
43,1,1000,1000,235.622314453125,10.60007381439209
44,1,1000,1000,234.86135864257812,9.739498138427734
45,1,1000,1000,234.10462951660156,8.86300277709961
46,1,1000,1000,233.7488250732422,8.578380584716797
47,1,1000,1000,233.68124389648438,8.723735809326172
48,1,1000,1000,233.7200927734375,9.02200984954834
49,1,1000,1000,233.7563018798828,9.293240547180176
50,1,1000,1000,233.78854370117188,9.536836624145508
51,1,1000,1000,233.82049560546875,9.753230094909668
52,1,1000,1000,233.8523712158203,9.942789077758789
53,1,1000,1000,233.88406372070312,10.105840682983398
54,1,1000,1000,233.91555786132812,10.242685317993164
55,1,1000,1000,233.9468994140625,10.353605270385742
56,1,1000,1000,233.9780731201172,10.438872337341309
57,1,1000,1000,234.00906372070312,10.498749732971191
58,1,1000,1000,234.03985595703125,10.533496856689453
59,1,1000,1000,234.07049560546875,10.543367385864258
60,1,1000,1000,234.10089111328125,10.52861213684082
61,1,1000,1000,234.13124084472656,10.48947811126709
62,1,1000,1000,234.16131591796875,10.426209449768066
63,1,1000,1000,234.1913299560547,10.339048385620117
64,1,1000,1000,234.2210693359375,10.228233337402344
65,1,1000,1000,234.25070190429688,10.094000816345215
66,1,1000,1000,234.28009033203125,9.936585426330566
67,1,1000,1000,234.30941772460938,9.756219863891602
68,1,1000,1000,234.33853149414062,9.553132057189941
69,1,1000,1000,234.36746215820312,9.327550888061523
70,1,1000,1000,234.39620971679688,9.079700469970703
71,1,1000,1000,234.40972900390625,9.026084899902344
72,1,1000,1000,234.41195678710938,9.094588279724121
73,1,1000,1000,234.4103240966797,9.193737030029297
74,1,1000,1000,234.40875244140625,9.267501831054688
75,1,1000,1000,234.4073028564453,9.315872192382812
76,1,1000,1000,234.4059295654297,9.339153289794922
77,1,1000,1000,234.40447998046875,9.337628364562988
78,1,1000,1000,234.4031219482422,9.311565399169922
79,1,1000,1000,234.40170288085938,9.261220932006836
80,1,1000,1000,234.40109252929688,9.227303504943848
81,1,1000,1000,234.40072631835938,9.216650009155273
82,1,1000,1000,234.4000244140625,9.222455978393555
83,1,1000,1000,234.39932250976562,9.233922958374023
84,1,1000,1000,234.39883422851562,9.243119239807129
85,1,1000,1000,234.3985137939453,9.247097969055176
86,1,1000,1000,234.3984832763672,9.246718406677246
87,1,1000,1000,234.39871215820312,9.244348526000977
88,1,1000,1000,234.39903259277344,9.242055892944336
89,1,1000,1000,234.39881896972656,9.240829467773438
90,1,1000,1000,234.39901733398438,9.240683555603027
91,1,1000,1000,234.3988494873047,9.241140365600586
92,1,1000,1000,234.3990478515625,9.24169635772705
93,1,1000,1000,234.39889526367188,9.242051124572754
94,1,1000,1000,234.39895629882812,9.242149353027344
95,1,1000,1000,234.3987579345703,9.242074966430664
96,1,1000,1000,234.39894104003906,9.241947174072266
97,1,1000,1000,234.3988037109375,9.241848945617676
98,1,1000,1000,234.3989715576172,9.241809844970703
99,1,1000,1000,234.39883422851562,9.24181842803955
100,1,1000,1000,234.39901733398438,9.241847038269043
101,1,1000,1000,234.39886474609375,9.241872787475586
102,1,1000,1000,234.39907836914062,9.2418851852417
103,1,1000,1000,234.39891052246094,9.241886138916016
104,1,1000,1000,234.39859008789062,9.241880416870117
105,1,1000,1000,234.3987274169922,9.241873741149902
106,1,1000,1000,234.39906311035156,9.241869926452637
107,1,1000,1000,234.39898681640625,9.24186897277832
108,1,1000,1000,234.398681640625,9.241869926452637
109,1,1000,1000,234.39883422851562,9.24187183380127
110,1,1000,1000,234.39915466308594,9.241872787475586
111,1,1000,1000,234.39907836914062,9.241872787475586
112,1,1000,1000,234.39878845214844,9.241872787475586
113,1,1000,1000,234.39892578125,9.241872787475586
114,1,1000,1000,234.39874267578125,9.241872787475586
115,1,1000,1000,234.39894104003906,9.241872787475586
116,1,1000,1000,234.39878845214844,9.241872787475586
117,1,1000,1000,234.3989715576172,9.241872787475586
118,1,1000,1000,234.39883422851562,9.241872787475586
119,1,1000,1000,234.39903259277344,9.241872787475586
120,1,1000,1000,234.3988800048828,9.241872787475586
121,1,1000,1000,234.3990936279297,9.241872787475586
122,1,1000,1000,234.39892578125,9.241872787475586
123,1,1000,1000,234.39862060546875,9.241872787475586
124,1,1000,1000,234.39874267578125,9.241872787475586
125,1,1000,1000,234.39907836914062,9.241872787475586
126,1,1000,1000,234.3990020751953,9.241872787475586
127,1,1000,1000,234.39871215820312,9.241872787475586
128,1,1000,1000,234.39883422851562,9.241872787475586
129,1,1000,1000,234.39918518066406,9.241872787475586
130,1,1000,1000,234.39910888671875,9.241872787475586
131,1,1000,1000,234.3988037109375,9.241872787475586
132,1,1000,1000,234.39894104003906,9.241872787475586
133,1,1000,1000,234.3987579345703,9.241872787475586
134,1,1000,1000,234.39895629882812,9.241872787475586
135,1,1000,1000,234.3988037109375,9.241872787475586
136,1,1000,1000,234.3990020751953,9.241872787475586
137,1,1000,1000,234.39883422851562,9.241872787475586
138,1,1000,1000,234.3990478515625,9.241872787475586
139,1,1000,1000,234.39889526367188,9.241872787475586
140,1,1000,1000,234.3988494873047,9.241872787475586
141,1,1000,1000,234.39910888671875,9.241872787475586
142,1,1000,1000,234.39901733398438,9.241872787475586
143,1,1000,1000,234.39871215820312,9.241872787475586
144,1,1000,1000,234.3988494873047,9.241872787475586
145,1,1000,1000,234.39920043945312,9.241872787475586
146,1,1000,1000,234.39910888671875,9.241872787475586
147,1,1000,1000,234.3988037109375,9.241872787475586
148,1,1000,1000,234.39894104003906,9.241872787475586
149,1,1000,1000,234.3987579345703,9.241872787475586
150,1,1000,1000,234.39895629882812,9.241872787475586
151,1,1000,1000,234.3988037109375,9.241872787475586
152,1,1000,1000,234.39901733398438,9.241872787475586
153,1,1000,1000,234.39886474609375,9.241872787475586
154,1,1000,1000,234.39907836914062,9.241872787475586
155,1,1000,1000,234.39889526367188,9.241872787475586
156,1,1000,1000,234.39886474609375,9.241872787475586
157,1,1000,1000,234.3991241455078,9.241872787475586
158,1,1000,1000,234.39901733398438,9.241872787475586
159,1,1000,1000,234.39871215820312,9.241872787475586
160,1,1000,1000,234.39886474609375,9.241872787475586
161,1,1000,1000,234.39918518066406,9.241872787475586
162,1,1000,1000,234.39910888671875,9.241872787475586
163,1,1000,1000,234.39881896972656,9.241872787475586
164,1,1000,1000,234.39894104003906,9.241872787475586
165,1,1000,1000,234.39877319335938,9.241872787475586
166,1,1000,1000,234.39895629882812,9.241872787475586
167,1,1000,1000,234.39881896972656,9.241872787475586
168,1,1000,1000,234.39901733398438,9.241872787475586
169,1,1000,1000,234.39886474609375,9.241872787475586
170,1,1000,1000,234.39907836914062,9.241872787475586
171,1,1000,1000,234.39891052246094,9.241872787475586
172,1,1000,1000,234.39859008789062,9.241872787475586
173,1,1000,1000,234.39871215820312,9.241872787475586
174,1,1000,1000,234.39906311035156,9.241872787475586
175,1,1000,1000,234.39898681640625,9.241872787475586
176,1,1000,1000,234.398681640625,9.241872787475586
177,1,1000,1000,234.39883422851562,9.241872787475586
178,1,1000,1000,234.39915466308594,9.241872787475586
179,1,1000,1000,234.39907836914062,9.241872787475586
180,1,1000,1000,234.39877319335938,9.241872787475586
181,1,1000,1000,234.39891052246094,9.241872787475586
182,1,1000,1000,234.39874267578125,9.241872787475586
183,1,1000,1000,234.39894104003906,9.241872787475586
184,1,1000,1000,234.39877319335938,9.241872787475586
185,1,1000,1000,234.3989715576172,9.241872787475586
186,1,1000,1000,234.39883422851562,9.241872787475586
187,1,1000,1000,234.39903259277344,9.241872787475586
188,1,1000,1000,234.3988800048828,9.241872787475586
189,1,1000,1000,234.39907836914062,9.241872787475586
190,1,1000,1000,234.39892578125,9.241872787475586
191,1,1000,1000,234.3986053466797,9.241872787475586
192,1,1000,1000,234.3987274169922,9.241872787475586
193,1,1000,1000,234.39907836914062,9.241872787475586
194,1,1000,1000,234.39898681640625,9.241872787475586
195,1,1000,1000,234.39871215820312,9.241872787475586
196,1,1000,1000,234.39881896972656,9.241872787475586
197,1,1000,1000,234.399169921875,9.241872787475586
198,1,1000,1000,234.39907836914062,9.241872787475586
199,1,1000,1000,234.3988037109375,9.241872787475586
200,1,1000,1000,234.39891052246094,9.241872787475586
201,1,1000,1000,234.3987579345703,9.241872787475586
202,1,1000,1000,234.39894104003906,9.241872787475586
203,1,1000,1000,234.39877319335938,9.241872787475586
204,1,1000,1000,234.3990020751953,9.241872787475586
205,1,1000,1000,234.39883422851562,9.241872787475586
206,1,1000,1000,234.3990478515625,9.241872787475586
207,1,1000,1000,234.39889526367188,9.241872787475586
208,1,1000,1000,234.39883422851562,9.241872787475586
209,1,1000,1000,234.39910888671875,9.241872787475586
210,1,1000,1000,234.3990020751953,9.241872787475586
211,1,1000,1000,234.39869689941406,9.241872787475586
212,1,1000,1000,234.39883422851562,9.241872787475586
213,1,1000,1000,234.399169921875,9.241872787475586
214,1,1000,1000,234.3990936279297,9.241872787475586
215,1,1000,1000,234.39878845214844,9.241872787475586
216,1,1000,1000,234.39892578125,9.241872787475586
217,1,1000,1000,234.3987579345703,9.241872787475586
218,1,1000,1000,234.39894104003906,9.241872787475586
219,1,1000,1000,234.39878845214844,9.241872787475586
220,1,1000,1000,234.3990020751953,9.241872787475586
221,1,1000,1000,234.3988494873047,9.241872787475586
222,1,1000,1000,234.3990478515625,9.241872787475586
223,1,1000,1000,234.39889526367188,9.241872787475586
224,1,1000,1000,234.3988494873047,9.241872787475586
225,1,1000,1000,234.39910888671875,9.241872787475586
226,1,1000,1000,234.39901733398438,9.241872787475586
227,1,1000,1000,234.39871215820312,9.241872787475586
228,1,1000,1000,234.3988494873047,9.241872787475586
229,1,1000,1000,234.39918518066406,9.241872787475586
230,1,1000,1000,234.39910888671875,9.241872787475586
231,1,1000,1000,234.3988037109375,9.241872787475586
232,1,1000,1000,234.39894104003906,9.241872787475586
233,1,1000,1000,234.3987579345703,9.241872787475586
234,1,1000,1000,234.39895629882812,9.241872787475586
235,1,1000,1000,234.3988037109375,9.241872787475586
236,1,1000,1000,234.39901733398438,9.241872787475586
237,1,1000,1000,234.39886474609375,9.241872787475586
238,1,1000,1000,234.3990478515625,9.241872787475586
239,1,1000,1000,234.39891052246094,9.241872787475586
240,1,1000,1000,234.39859008789062,9.241872787475586
241,1,1000,1000,234.3987274169922,9.241872787475586
242,1,1000,1000,234.3990478515625,9.241872787475586
243,1,1000,1000,234.3989715576172,9.241872787475586
244,1,1000,1000,234.398681640625,9.241872787475586
245,1,1000,1000,234.39881896972656,9.241872787475586
246,1,1000,1000,234.39915466308594,9.241872787475586
247,1,1000,1000,234.39907836914062,9.241872787475586
248,1,1000,1000,234.39877319335938,9.241872787475586
249,1,1000,1000,234.39889526367188,9.241872787475586
250,1,1000,1000,234.39886474609375,9.241872787475586
251,1,1000,1000,234.39910888671875,9.241872787475586
252,1,1000,1000,234.39898681640625,9.241872787475586
253,1,1000,1000,234.398681640625,9.241872787475586
254,1,1000,1000,234.39881896972656,9.241872787475586
255,1,1000,1000,234.39915466308594,9.241872787475586
256,1,1000,1000,234.39907836914062,9.241872787475586
257,1,1000,1000,234.39877319335938,9.241872787475586
258,1,1000,1000,234.39889526367188,9.241872787475586
259,1,1000,1000,234.39886474609375,9.241872787475586
260,1,1000,1000,234.39910888671875,9.241872787475586
261,1,1000,1000,234.3990020751953,9.241872787475586
262,1,1000,1000,234.398681640625,9.241872787475586
263,1,1000,1000,234.39881896972656,9.241872787475586
264,1,1000,1000,234.39915466308594,9.241872787475586
265,1,1000,1000,234.39907836914062,9.241872787475586
266,1,1000,1000,234.39877319335938,9.241872787475586
267,1,1000,1000,234.39891052246094,9.241872787475586
268,1,1000,1000,234.3987274169922,9.241872787475586
269,1,1000,1000,234.39892578125,9.241872787475586
270,1,1000,1000,234.39877319335938,9.241872787475586
271,1,1000,1000,234.39898681640625,9.241872787475586
272,1,1000,1000,234.39883422851562,9.241872787475586
273,1,1000,1000,234.39901733398438,9.241872787475586
274,1,1000,1000,234.39886474609375,9.241872787475586
275,1,1000,1000,234.39907836914062,9.241872787475586
276,1,1000,1000,234.39892578125,9.241872787475586
277,1,1000,1000,234.3986053466797,9.241872787475586
278,1,1000,1000,234.3987274169922,9.241872787475586
279,1,1000,1000,234.39907836914062,9.241872787475586
280,1,1000,1000,234.39898681640625,9.241872787475586
281,1,1000,1000,234.39871215820312,9.241872787475586
282,1,1000,1000,234.39881896972656,9.241872787475586
283,1,1000,1000,234.399169921875,9.241872787475586
284,1,1000,1000,234.39907836914062,9.241872787475586
285,1,1000,1000,234.3988037109375,9.241872787475586
286,1,1000,1000,234.39891052246094,9.241872787475586
287,1,1000,1000,234.39874267578125,9.241872787475586
288,1,1000,1000,234.39894104003906,9.241872787475586
289,1,1000,1000,234.39877319335938,9.241872787475586
290,1,1000,1000,234.39898681640625,9.241872787475586
291,1,1000,1000,234.39883422851562,9.241872787475586
292,1,1000,1000,234.3990478515625,9.241872787475586
293,1,1000,1000,234.39889526367188,9.241872787475586
294,1,1000,1000,234.39883422851562,9.241872787475586
295,1,1000,1000,234.39910888671875,9.241872787475586
296,1,1000,1000,234.3990020751953,9.241872787475586
297,1,1000,1000,234.39869689941406,9.241872787475586
298,1,1000,1000,234.39883422851562,9.241872787475586
299,1,1000,1000,234.399169921875,9.241872787475586
300,1,1000,1000,234.3990936279297,9.241872787475586
301,1,1000,1000,234.39878845214844,9.241872787475586
302,1,1000,1000,234.39892578125,9.241872787475586
303,1,1000,1000,234.3987579345703,9.241872787475586
304,1,1000,1000,234.39894104003906,9.241872787475586
305,1,1000,1000,234.39878845214844,9.241872787475586
306,1,1000,1000,234.3990020751953,9.241872787475586
307,1,1000,1000,234.3988494873047,9.241872787475586
308,1,1000,1000,234.3990478515625,9.241872787475586
309,1,1000,1000,234.39889526367188,9.241872787475586
310,1,1000,1000,234.3988494873047,9.241872787475586
311,1,1000,1000,234.39910888671875,9.241872787475586
312,1,1000,1000,234.39901733398438,9.241872787475586
313,1,1000,1000,234.39871215820312,9.241872787475586
314,1,1000,1000,234.3988494873047,9.241872787475586
