1,1,1000,1000,239.67886352539062,30.0
2,1,1000,1000,246.12608337402344,29.975475311279297
3,1,1000,1000,245.52142333984375,29.92667007446289
4,1,1000,1000,244.15907287597656,29.85382843017578
5,1,1000,1000,242.97824096679688,29.757190704345703
6,1,1000,1000,241.83682250976562,29.636993408203125
7,1,1000,1000,240.6986083984375,29.493473052978516
8,1,1000,1000,239.56561279296875,29.326862335205078
9,1,1000,1000,238.4390869140625,29.137393951416016
10,1,1000,1000,237.31895446777344,28.925294876098633
11,1,1000,1000,236.20518493652344,28.690792083740234
12,1,1000,1000,235.0977020263672,28.43410873413086
13,1,1000,1000,233.99649047851562,28.155467987060547
14,1,1000,1000,232.90155029296875,27.85508918762207
15,1,1000,1000,231.8127899169922,27.533187866210938
16,1,1000,1000,230.7301788330078,27.18998146057129
17,1,1000,1000,229.65371704101562,26.825681686401367
18,1,1000,1000,228.58349609375,26.440500259399414
19,1,1000,1000,227.51943969726562,26.034645080566406
20,1,1000,1000,226.46151733398438,25.60832405090332
21,1,1000,1000,225.40963745117188,25.161741256713867
22,1,1000,1000,224.36380004882812,24.695098876953125
23,1,1000,1000,223.3239288330078,24.20859718322754
24,1,1000,1000,222.28994750976562,23.702436447143555
25,1,1000,1000,221.26187133789062,23.17681121826172
26,1,1000,1000,220.23963928222656,22.63191795349121
27,1,1000,1000,219.2232208251953,22.067949295043945
28,1,1000,1000,218.21255493164062,21.48509407043457
29,1,1000,1000,217.20762634277344,20.883543014526367
30,1,1000,1000,216.20838928222656,20.26348304748535
31,1,1000,1000,215.21481323242188,19.625097274780273
32,1,1000,1000,214.22686767578125,18.968570709228516
33,1,1000,1000,213.24452209472656,18.294084548950195
34,1,1000,1000,212.26776123046875,17.601818084716797
35,1,1000,1000,211.29653930664062,16.891948699951172
36,1,1000,1000,210.33078002929688,16.164653778076172
37,1,1000,1000,209.37049865722656,15.420106887817383
38,1,1000,1000,208.41567993164062,14.658480644226074
39,1,1000,1000,207.46627807617188,13.879945755004883
40,1,1000,1000,206.52223205566406,13.084671020507812
41,1,1000,1000,205.5835418701172,12.272823333740234
42,1,1000,1000,204.650146484375,11.44456958770752
43,1,1000,1000,203.72207641601562,10.60007381439209
44,1,1000,1000,202.79925537109375,9.739498138427734
45,1,1000,1000,201.88165283203125,8.86300277709961
46,1,1000,1000,201.45529174804688,8.57837963104248
47,1,1000,1000,201.37939453125,8.723734855651855
48,1,1000,1000,201.43197631835938,9.022008895874023
49,1,1000,1000,201.48123168945312,9.29323959350586
50,1,1000,1000,201.5257568359375,9.536835670471191
51,1,1000,1000,201.56982421875,9.753229141235352
52,1,1000,1000,201.61380004882812,9.942788124084473
53,1,1000,1000,201.6575164794922,10.105839729309082
54,1,1000,1000,201.70098876953125,10.242683410644531
55,1,1000,1000,201.74420166015625,10.35360336303711
56,1,1000,1000,201.7871856689453,10.438870429992676
57,1,1000,1000,201.8299560546875,10.498747825622559
58,1,1000,1000,201.8724365234375,10.53349494934082
59,1,1000,1000,201.91468811035156,10.543365478515625
60,1,1000,1000,201.95669555664062,10.528610229492188
61,1,1000,1000,201.99847412109375,10.489476203918457
62,1,1000,1000,202.04000854492188,10.426207542419434
63,1,1000,1000,202.081298828125,10.339045524597168
64,1,1000,1000,202.12237548828125,10.228230476379395
65,1,1000,1000,202.1632080078125,10.093997955322266
66,1,1000,1000,202.20382690429688,9.936582565307617
67,1,1000,1000,202.24420166015625,9.756217002868652
68,1,1000,1000,202.28433227539062,9.553129196166992
69,1,1000,1000,202.3242645263672,9.327548027038574
70,1,1000,1000,202.3639678955078,9.079697608947754
71,1,1000,1000,202.38241577148438,9.026082992553711
72,1,1000,1000,202.38577270507812,9.094587326049805
73,1,1000,1000,202.38348388671875,9.19373607635498
74,1,1000,1000,202.38133239746094,9.267500877380371
75,1,1000,1000,202.37937927246094,9.315872192382812
76,1,1000,1000,202.37744140625,9.339154243469238
77,1,1000,1000,202.37550354003906,9.337630271911621
78,1,1000,1000,202.37356567382812,9.311568260192871
79,1,1000,1000,202.37164306640625,9.261223793029785
80,1,1000,1000,202.3707275390625,9.226982116699219
81,1,1000,1000,202.37063598632812,9.216315269470215
82,1,1000,1000,202.3707733154297,9.222268104553223
83,1,1000,1000,202.37094116210938,9.233894348144531
84,1,1000,1000,202.37100219726562,9.243184089660645
85,1,1000,1000,202.37100219726562,9.247180938720703
86,1,1000,1000,202.37100219726562,9.246773719787598
87,1,1000,1000,202.37100219726562,9.244364738464355
88,1,1000,1000,202.37100219726562,9.242045402526855
89,1,1000,1000,202.37100219726562,9.240811347961426
90,1,1000,1000,202.37100219726562,9.240670204162598
91,1,1000,1000,202.37098693847656,9.241135597229004
92,1,1000,1000,202.37098693847656,9.241698265075684
93,1,1000,1000,202.3709716796875,9.242055892944336
94,1,1000,1000,202.3709716796875,9.24215316772461
95,1,1000,1000,202.3709716796875,9.24207592010498
96,1,1000,1000,202.3709716796875,9.24194622039795
97,1,1000,1000,202.3709716796875,9.24184799194336
98,1,1000,1000,202.3709716796875,9.241809844970703
99,1,1000,1000,202.3709716796875,9.24181842803955
100,1,1000,1000,202.37095642089844,9.241847038269043
101,1,1000,1000,202.37095642089844,9.241872787475586
102,1,1000,1000,202.37094116210938,9.2418851852417
103,1,1000,1000,202.37094116210938,9.241886138916016
104,1,1000,1000,202.37094116210938,9.241880416870117
105,1,1000,1000,202.37094116210938,9.241873741149902
106,1,1000,1000,202.37094116210938,9.241869926452637
107,1,1000,1000,202.37094116210938,9.24186897277832
108,1,1000,1000,202.3709259033203,9.241869926452637
109,1,1000,1000,202.3709259033203,9.24187183380127
110,1,1000,1000,202.3709259033203,9.241872787475586
111,1,1000,1000,202.3709259033203,9.241872787475586
112,1,1000,1000,202.37091064453125,9.241872787475586
113,1,1000,1000,202.37091064453125,9.241872787475586
114,1,1000,1000,202.37091064453125,9.241872787475586
115,1,1000,1000,202.37091064453125,9.241872787475586
116,1,1000,1000,202.37091064453125,9.241872787475586
117,1,1000,1000,202.37091064453125,9.241872787475586
118,1,1000,1000,202.3708953857422,9.241872787475586
119,1,1000,1000,202.3708953857422,9.241872787475586
120,1,1000,1000,202.3708953857422,9.241872787475586
121,1,1000,1000,202.37088012695312,9.241872787475586
122,1,1000,1000,202.37088012695312,9.241872787475586
123,1,1000,1000,202.37088012695312,9.241872787475586
124,1,1000,1000,202.37088012695312,9.241872787475586
125,1,1000,1000,202.37088012695312,9.241872787475586
126,1,1000,1000,202.37086486816406,9.241872787475586
127,1,1000,1000,202.37086486816406,9.241872787475586
128,1,1000,1000,202.37086486816406,9.241872787475586
129,1,1000,1000,202.37086486816406,9.241872787475586
130,1,1000,1000,202.370849609375,9.241872787475586
131,1,1000,1000,202.370849609375,9.241872787475586
132,1,1000,1000,202.370849609375,9.241872787475586
133,1,1000,1000,202.370849609375,9.241872787475586
134,1,1000,1000,202.370849609375,9.241872787475586
135,1,1000,1000,202.37091064453125,9.241872787475586
136,1,1000,1000,202.37091064453125,9.241872787475586
137,1,1000,1000,202.3708953857422,9.241872787475586
138,1,1000,1000,202.3708953857422,9.241872787475586
139,1,1000,1000,202.37088012695312,9.241872787475586
140,1,1000,1000,202.37088012695312,9.241872787475586
141,1,1000,1000,202.37088012695312,9.241872787475586
142,1,1000,1000,202.37088012695312,9.241872787475586
143,1,1000,1000,202.37088012695312,9.241872787475586
144,1,1000,1000,202.37086486816406,9.241872787475586
145,1,1000,1000,202.37086486816406,9.241872787475586
146,1,1000,1000,202.37086486816406,9.241872787475586
147,1,1000,1000,202.37086486816406,9.241872787475586
148,1,1000,1000,202.370849609375,9.241872787475586
149,1,1000,1000,202.370849609375,9.241872787475586
150,1,1000,1000,202.370849609375,9.241872787475586
151,1,1000,1000,202.370849609375,9.241872787475586
152,1,1000,1000,202.370849609375,9.241872787475586
153,1,1000,1000,202.37091064453125,9.241872787475586
154,1,1000,1000,202.37094116210938,9.241872787475586
155,1,1000,1000,202.37094116210938,9.241872787475586
156,1,1000,1000,202.37094116210938,9.241872787475586
157,1,1000,1000,202.37094116210938,9.241872787475586
158,1,1000,1000,202.37094116210938,9.241872787475586
159,1,1000,1000,202.37094116210938,9.241872787475586
160,1,1000,1000,202.37094116210938,9.241872787475586
161,1,1000,1000,202.37094116210938,9.241872787475586
162,1,1000,1000,202.37094116210938,9.241872787475586
163,1,1000,1000,202.3709259033203,9.241872787475586
164,1,1000,1000,202.3709259033203,9.241872787475586
165,1,1000,1000,202.3709259033203,9.241872787475586
166,1,1000,1000,202.37091064453125,9.241872787475586
167,1,1000,1000,202.37091064453125,9.241872787475586
168,1,1000,1000,202.37091064453125,9.241872787475586
169,1,1000,1000,202.37091064453125,9.241872787475586
170,1,1000,1000,202.37091064453125,9.241872787475586
171,1,1000,1000,202.37091064453125,9.241872787475586
172,1,1000,1000,202.3708953857422,9.241872787475586
173,1,1000,1000,202.3708953857422,9.241872787475586
174,1,1000,1000,202.37088012695312,9.241872787475586
175,1,1000,1000,202.37088012695312,9.241872787475586
176,1,1000,1000,202.37088012695312,9.241872787475586
177,1,1000,1000,202.37088012695312,9.241872787475586
178,1,1000,1000,202.37088012695312,9.241872787475586
179,1,1000,1000,202.37086486816406,9.241872787475586
180,1,1000,1000,202.37086486816406,9.241872787475586
181,1,1000,1000,202.37086486816406,9.241872787475586
182,1,1000,1000,202.37086486816406,9.241872787475586
183,1,1000,1000,202.37086486816406,9.241872787475586
184,1,1000,1000,202.370849609375,9.241872787475586
185,1,1000,1000,202.370849609375,9.241872787475586
186,1,1000,1000,202.370849609375,9.241872787475586
187,1,1000,1000,202.370849609375,9.241872787475586
188,1,1000,1000,202.370849609375,9.241872787475586
189,1,1000,1000,202.370849609375,9.241872787475586
190,1,1000,1000,202.370849609375,9.241872787475586
191,1,1000,1000,202.370849609375,9.241872787475586
192,1,1000,1000,202.37088012695312,9.241872787475586
193,1,1000,1000,202.37088012695312,9.241872787475586
194,1,1000,1000,202.37088012695312,9.241872787475586
195,1,1000,1000,202.37088012695312,9.241872787475586
196,1,1000,1000,202.37088012695312,9.241872787475586
197,1,1000,1000,202.37088012695312,9.241872787475586
198,1,1000,1000,202.37086486816406,9.241872787475586
199,1,1000,1000,202.37086486816406,9.241872787475586
200,1,1000,1000,202.37086486816406,9.241872787475586
201,1,1000,1000,202.37086486816406,9.241872787475586
202,1,1000,1000,202.370849609375,9.241872787475586
203,1,1000,1000,202.370849609375,9.241872787475586
204,1,1000,1000,202.370849609375,9.241872787475586
205,1,1000,1000,202.37088012695312,9.241872787475586
206,1,1000,1000,202.37086486816406,9.241872787475586
207,1,1000,1000,202.370849609375,9.241872787475586
208,1,1000,1000,202.37086486816406,9.241872787475586
209,1,1000,1000,202.370849609375,9.241872787475586
210,1,1000,1000,202.37086486816406,9.241872787475586
211,1,1000,1000,202.370849609375,9.241872787475586
212,1,1000,1000,202.37086486816406,9.241872787475586
213,1,1000,1000,202.370849609375,9.241872787475586
214,1,1000,1000,202.37088012695312,9.241872787475586
215,1,1000,1000,202.370849609375,9.241872787475586
216,1,1000,1000,202.37081909179688,9.241872787475586
217,1,1000,1000,202.37091064453125,9.241872787475586
218,1,1000,1000,202.3709259033203,9.241872787475586
219,1,1000,1000,202.3709259033203,9.241872787475586
220,1,1000,1000,202.3709259033203,9.241872787475586
221,1,1000,1000,202.37091064453125,9.241872787475586
222,1,1000,1000,202.37091064453125,9.241872787475586
223,1,1000,1000,202.37091064453125,9.241872787475586
224,1,1000,1000,202.37091064453125,9.241872787475586
225,1,1000,1000,202.37091064453125,9.241872787475586
226,1,1000,1000,202.3708953857422,9.241872787475586
227,1,1000,1000,202.3708953857422,9.241872787475586
228,1,1000,1000,202.3708953857422,9.241872787475586
229,1,1000,1000,202.37088012695312,9.241872787475586
230,1,1000,1000,202.37088012695312,9.241872787475586
231,1,1000,1000,202.37088012695312,9.241872787475586
232,1,1000,1000,202.37088012695312,9.241872787475586
233,1,1000,1000,202.37088012695312,9.241872787475586
234,1,1000,1000,202.37088012695312,9.241872787475586
235,1,1000,1000,202.37086486816406,9.241872787475586
236,1,1000,1000,202.37086486816406,9.241872787475586
237,1,1000,1000,202.37086486816406,9.241872787475586
238,1,1000,1000,202.37086486816406,9.241872787475586
239,1,1000,1000,202.37086486816406,9.241872787475586
240,1,1000,1000,202.370849609375,9.241872787475586
241,1,1000,1000,202.370849609375,9.241872787475586
242,1,1000,1000,202.37088012695312,9.241872787475586
243,1,1000,1000,202.37086486816406,9.241872787475586
244,1,1000,1000,202.370849609375,9.241872787475586
245,1,1000,1000,202.37086486816406,9.241872787475586
246,1,1000,1000,202.370849609375,9.241872787475586
247,1,1000,1000,202.37086486816406,9.241872787475586
248,1,1000,1000,202.370849609375,9.241872787475586
249,1,1000,1000,202.37086486816406,9.241872787475586
250,1,1000,1000,202.370849609375,9.241872787475586
251,1,1000,1000,202.37088012695312,9.241872787475586
252,1,1000,1000,202.370849609375,9.241872787475586
253,1,1000,1000,202.37081909179688,9.241872787475586
254,1,1000,1000,202.37091064453125,9.241872787475586
255,1,1000,1000,202.3709259033203,9.241872787475586
256,1,1000,1000,202.3709259033203,9.241872787475586
257,1,1000,1000,202.3709259033203,9.241872787475586
258,1,1000,1000,202.37091064453125,9.241872787475586
259,1,1000,1000,202.37091064453125,9.241872787475586
260,1,1000,1000,202.37091064453125,9.241872787475586
261,1,1000,1000,202.37091064453125,9.241872787475586
262,1,1000,1000,202.37091064453125,9.241872787475586
263,1,1000,1000,202.3708953857422,9.241872787475586
264,1,1000,1000,202.3708953857422,9.241872787475586
265,1,1000,1000,202.3708953857422,9.241872787475586
266,1,1000,1000,202.37088012695312,9.241872787475586
267,1,1000,1000,202.37088012695312,9.241872787475586
268,1,1000,1000,202.37088012695312,9.241872787475586
269,1,1000,1000,202.37088012695312,9.241872787475586
270,1,1000,1000,202.37088012695312,9.241872787475586
271,1,1000,1000,202.37086486816406,9.241872787475586
272,1,1000,1000,202.37086486816406,9.241872787475586
273,1,1000,1000,202.37086486816406,9.241872787475586
274,1,1000,1000,202.37086486816406,9.241872787475586
275,1,1000,1000,202.370849609375,9.241872787475586
276,1,1000,1000,202.370849609375,9.241872787475586
277,1,1000,1000,202.370849609375,9.241872787475586
278,1,1000,1000,202.370849609375,9.241872787475586
279,1,1000,1000,202.370849609375,9.241872787475586
280,1,1000,1000,202.37091064453125,9.241872787475586
281,1,1000,1000,202.37091064453125,9.241872787475586
282,1,1000,1000,202.3708953857422,9.241872787475586
283,1,1000,1000,202.3708953857422,9.241872787475586
284,1,1000,1000,202.37088012695312,9.241872787475586
285,1,1000,1000,202.37088012695312,9.241872787475586
286,1,1000,1000,202.37088012695312,9.241872787475586
287,1,1000,1000,202.37088012695312,9.241872787475586
288,1,1000,1000,202.37088012695312,9.241872787475586
289,1,1000,1000,202.37088012695312,9.241872787475586
290,1,1000,1000,202.37086486816406,9.241872787475586
291,1,1000,1000,202.37086486816406,9.241872787475586
292,1,1000,1000,202.37086486816406,9.241872787475586
293,1,1000,1000,202.37086486816406,9.241872787475586
294,1,1000,1000,202.37086486816406,9.241872787475586
295,1,1000,1000,202.370849609375,9.241872787475586
296,1,1000,1000,202.370849609375,9.241872787475586
297,1,1000,1000,202.370849609375,9.241872787475586
298,1,1000,1000,202.37091064453125,9.241872787475586
299,1,1000,1000,202.37094116210938,9.241872787475586
300,1,1000,1000,202.37094116210938,9.241872787475586
301,1,1000,1000,202.37094116210938,9.241872787475586
302,1,1000,1000,202.37094116210938,9.241872787475586
303,1,1000,1000,202.37094116210938,9.241872787475586
304,1,1000,1000,202.37094116210938,9.241872787475586
305,1,1000,1000,202.37094116210938,9.241872787475586
306,1,1000,1000,202.37094116210938,9.241872787475586
307,1,1000,1000,202.37094116210938,9.241872787475586
308,1,1000,1000,202.37094116210938,9.241872787475586
309,1,1000,1000,202.3709259033203,9.241872787475586
310,1,1000,1000,202.3709259033203,9.241872787475586
311,1,1000,1000,202.3709259033203,9.241872787475586
312,1,1000,1000,202.37091064453125,9.241872787475586
313,1,1000,1000,202.37091064453125,9.241872787475586
314,1,1000,1000,202.37091064453125,9.241872787475586
315,1,1000,1000,202.37091064453125,9.241872787475586
316,1,1000,1000,202.37091064453125,9.241872787475586
317,1,1000,1000,202.37091064453125,9.241872787475586
318,1,1000,1000,202.3708953857422,9.241872787475586
319,1,1000,1000,202.3708953857422,9.241872787475586
320,1,1000,1000,202.37088012695312,9.241872787475586
321,1,1000,1000,202.37088012695312,9.241872787475586
322,1,1000,1000,202.37088012695312,9.241872787475586
323,1,1000,1000,202.37088012695312,9.241872787475586
324,1,1000,1000,202.37088012695312,9.241872787475586
325,1,1000,1000,202.37086486816406,9.241872787475586
326,1,1000,1000,202.37086486816406,9.241872787475586
327,1,1000,1000,202.37086486816406,9.241872787475586
328,1,1000,1000,202.37086486816406,9.241872787475586
329,1,1000,1000,202.37086486816406,9.241872787475586
330,1,1000,1000,202.370849609375,9.241872787475586
331,1,1000,1000,202.370849609375,9.241872787475586
332,1,1000,1000,202.370849609375,9.241872787475586
333,1,1000,1000,202.370849609375,9.241872787475586
334,1,1000,1000,202.370849609375,9.241872787475586
335,1,1000,1000,202.370849609375,9.241872787475586
336,1,1000,1000,202.370849609375,9.241872787475586
337,1,1000,1000,202.370849609375,9.241872787475586
338,1,1000,1000,202.37088012695312,9.241872787475586
339,1,1000,1000,202.37088012695312,9.241872787475586
340,1,1000,1000,202.37088012695312,9.241872787475586
341,1,1000,1000,202.37088012695312,9.241872787475586
342,1,1000,1000,202.37088012695312,9.241872787475586
343,1,1000,1000,202.37088012695312,9.241872787475586
344,1,1000,1000,202.37086486816406,9.241872787475586
345,1,1000,1000,202.37086486816406,9.241872787475586
346,1,1000,1000,202.37086486816406,9.241872787475586
347,1,1000,1000,202.37086486816406,9.241872787475586
348,1,1000,1000,202.370849609375,9.241872787475586
349,1,1000,1000,202.370849609375,9.241872787475586
350,1,1000,1000,202.370849609375,9.241872787475586
351,1,1000,1000,202.37088012695312,9.241872787475586
352,1,1000,1000,202.37086486816406,9.241872787475586
353,1,1000,1000,202.370849609375,9.241872787475586
354,1,1000,1000,202.37086486816406,9.241872787475586
355,1,1000,1000,202.370849609375,9.241872787475586
356,1,1000,1000,202.37086486816406,9.241872787475586
357,1,1000,1000,202.370849609375,9.241872787475586
358,1,1000,1000,202.37086486816406,9.241872787475586
359,1,1000,1000,202.370849609375,9.241872787475586
360,1,1000,1000,202.37088012695312,9.241872787475586
361,1,1000,1000,202.370849609375,9.241872787475586
362,1,1000,1000,202.37081909179688,9.241872787475586
363,1,1000,1000,202.37091064453125,9.241872787475586
364,1,1000,1000,202.3709259033203,9.241872787475586
365,1,1000,1000,202.3709259033203,9.241872787475586
366,1,1000,1000,202.3709259033203,9.241872787475586
367,1,1000,1000,202.37091064453125,9.241872787475586
368,1,1000,1000,202.37091064453125,9.241872787475586
369,1,1000,1000,202.37091064453125,9.241872787475586
370,1,1000,1000,202.37091064453125,9.241872787475586
371,1,1000,1000,202.37091064453125,9.241872787475586
372,1,1000,1000,202.3708953857422,9.241872787475586
373,1,1000,1000,202.3708953857422,9.241872787475586
374,1,1000,1000,202.3708953857422,9.241872787475586
375,1,1000,1000,202.37088012695312,9.241872787475586
376,1,1000,1000,202.37088012695312,9.241872787475586
377,1,1000,1000,202.37088012695312,9.241872787475586
378,1,1000,1000,202.37088012695312,9.241872787475586
379,1,1000,1000,202.37088012695312,9.241872787475586
380,1,1000,1000,202.37088012695312,9.241872787475586
381,1,1000,1000,202.37086486816406,9.241872787475586
382,1,1000,1000,202.37086486816406,9.241872787475586
383,1,1000,1000,202.37086486816406,9.241872787475586
384,1,1000,1000,202.37086486816406,9.241872787475586
385,1,1000,1000,202.37086486816406,9.241872787475586
386,1,1000,1000,202.370849609375,9.241872787475586
387,1,1000,1000,202.370849609375,9.241872787475586
388,1,1000,1000,202.37088012695312,9.241872787475586
389,1,1000,1000,202.37086486816406,9.241872787475586
390,1,1000,1000,202.370849609375,9.241872787475586
391,1,1000,1000,202.37086486816406,9.241872787475586
392,1,1000,1000,202.370849609375,9.241872787475586
393,1,1000,1000,202.37086486816406,9.241872787475586
394,1,1000,1000,202.370849609375,9.241872787475586
395,1,1000,1000,202.37086486816406,9.241872787475586
396,1,1000,1000,202.370849609375,9.241872787475586
397,1,1000,1000,202.37088012695312,9.241872787475586
398,1,1000,1000,202.370849609375,9.241872787475586
399,1,1000,1000,202.37081909179688,9.241872787475586
400,1,1000,1000,202.37091064453125,9.241872787475586
401,1,1000,1000,202.3709259033203,9.241872787475586
402,1,1000,1000,202.3709259033203,9.241872787475586
403,1,1000,1000,202.3709259033203,9.241872787475586
404,1,1000,1000,202.37091064453125,9.241872787475586
405,1,1000,1000,202.37091064453125,9.241872787475586
406,1,1000,1000,202.37091064453125,9.241872787475586
407,1,1000,1000,202.37091064453125,9.241872787475586
408,1,1000,1000,202.37091064453125,9.241872787475586
409,1,1000,1000,202.3708953857422,9.241872787475586
410,1,1000,1000,202.3708953857422,9.241872787475586
411,1,1000,1000,202.3708953857422,9.241872787475586
412,1,1000,1000,202.37088012695312,9.241872787475586
413,1,1000,1000,202.37088012695312,9.241872787475586
414,1,1000,1000,202.37088012695312,9.241872787475586
415,1,1000,1000,202.37088012695312,9.241872787475586
416,1,1000,1000,202.37088012695312,9.241872787475586
417,1,1000,1000,202.37086486816406,9.241872787475586
418,1,1000,1000,202.37086486816406,9.241872787475586
419,1,1000,1000,202.37086486816406,9.241872787475586
420,1,1000,1000,202.37086486816406,9.241872787475586
421,1,1000,1000,202.370849609375,9.241872787475586
422,1,1000,1000,202.370849609375,9.241872787475586
423,1,1000,1000,202.370849609375,9.241872787475586
424,1,1000,1000,202.370849609375,9.241872787475586
425,1,1000,1000,202.37088012695312,9.241872787475586
426,1,1000,1000,202.37086486816406,9.241872787475586
427,1,1000,1000,202.370849609375,9.241872787475586
428,1,1000,1000,202.37086486816406,9.241872787475586
429,1,1000,1000,202.370849609375,9.241872787475586
430,1,1000,1000,202.37086486816406,9.241872787475586
431,1,1000,1000,202.370849609375,9.241872787475586
432,1,1000,1000,202.37086486816406,9.241872787475586
433,1,1000,1000,202.37083435058594,9.241872787475586
434,1,1000,1000,202.37086486816406,9.241872787475586
435,1,1000,1000,202.370849609375,9.241872787475586
436,1,1000,1000,202.37086486816406,9.241872787475586
437,1,1000,1000,202.37083435058594,9.241872787475586
438,1,1000,1000,202.37086486816406,9.241872787475586
439,1,1000,1000,202.37083435058594,9.241872787475586
440,1,1000,1000,202.370849609375,9.241872787475586
441,1,1000,1000,202.37081909179688,9.241872787475586
442,1,1000,1000,202.3708953857422,9.241872787475586
443,1,1000,1000,202.37088012695312,9.241872787475586
444,1,1000,1000,202.37086486816406,9.241872787475586
445,1,1000,1000,202.370849609375,9.241872787475586
446,1,1000,1000,202.370849609375,9.241872787475586
447,1,1000,1000,202.37088012695312,9.241872787475586
448,1,1000,1000,202.37091064453125,9.241872787475586
449,1,1000,1000,202.37091064453125,9.241872787475586
450,1,1000,1000,202.3709259033203,9.241872787475586
451,1,1000,1000,202.37091064453125,9.241872787475586
452,1,1000,1000,202.37091064453125,9.241872787475586
453,1,1000,1000,202.37091064453125,9.241872787475586
454,1,1000,1000,202.37091064453125,9.241872787475586
455,1,1000,1000,202.37091064453125,9.241872787475586
456,1,1000,1000,202.37091064453125,9.241872787475586
457,1,1000,1000,202.3708953857422,9.241872787475586
458,1,1000,1000,202.3708953857422,9.241872787475586
459,1,1000,1000,202.37088012695312,9.241872787475586
460,1,1000,1000,202.37088012695312,9.241872787475586
461,1,1000,1000,202.37088012695312,9.241872787475586
462,1,1000,1000,202.37088012695312,9.241872787475586
463,1,1000,1000,202.37088012695312,9.241872787475586
464,1,1000,1000,202.37086486816406,9.241872787475586
465,1,1000,1000,202.37086486816406,9.241872787475586
466,1,1000,1000,202.37086486816406,9.241872787475586
467,1,1000,1000,202.37086486816406,9.241872787475586
468,1,1000,1000,202.37086486816406,9.241872787475586
469,1,1000,1000,202.370849609375,9.241872787475586
470,1,1000,1000,202.370849609375,9.241872787475586
471,1,1000,1000,202.370849609375,9.241872787475586
472,1,1000,1000,202.370849609375,9.241872787475586
473,1,1000,1000,202.370849609375,9.241872787475586
474,1,1000,1000,202.370849609375,9.241872787475586
475,1,1000,1000,202.37083435058594,9.241872787475586
476,1,1000,1000,202.3709259033203,9.241872787475586
477,1,1000,1000,202.37094116210938,9.241872787475586
478,1,1000,1000,202.37094116210938,9.241872787475586
479,1,1000,1000,202.37094116210938,9.241872787475586
480,1,1000,1000,202.37094116210938,9.241872787475586
481,1,1000,1000,202.37094116210938,9.241872787475586
482,1,1000,1000,202.37094116210938,9.241872787475586
483,1,1000,1000,202.37094116210938,9.241872787475586
484,1,1000,1000,202.3709259033203,9.241872787475586
485,1,1000,1000,202.3709259033203,9.241872787475586
486,1,1000,1000,202.3709259033203,9.241872787475586
487,1,1000,1000,202.3709259033203,9.241872787475586
488,1,1000,1000,202.37091064453125,9.241872787475586
489,1,1000,1000,202.37091064453125,9.241872787475586
490,1,1000,1000,202.37091064453125,9.241872787475586
491,1,1000,1000,202.37091064453125,9.241872787475586
492,1,1000,1000,202.3708953857422,9.241872787475586
493,1,1000,1000,202.37091064453125,9.241872787475586
494,1,1000,1000,202.3708953857422,9.241872787475586
495,1,1000,1000,202.37088012695312,9.241872787475586
496,1,1000,1000,202.37088012695312,9.241872787475586
497,1,1000,1000,202.37088012695312,9.241872787475586
498,1,1000,1000,202.37088012695312,9.241872787475586
499,1,1000,1000,202.37088012695312,9.241872787475586
500,1,1000,1000,202.37088012695312,9.241872787475586
501,1,1000,1000,202.37086486816406,9.241872787475586
502,1,1000,1000,202.37086486816406,9.241872787475586
503,1,1000,1000,202.37086486816406,9.241872787475586
504,1,1000,1000,202.37086486816406,9.241872787475586
505,1,1000,1000,202.37086486816406,9.241872787475586
506,1,1000,1000,202.370849609375,9.241872787475586
507,1,1000,1000,202.370849609375,9.241872787475586
508,1,1000,1000,202.370849609375,9.241872787475586
509,1,1000,1000,202.370849609375,9.241872787475586
510,1,1000,1000,202.370849609375,9.241872787475586
511,1,1000,1000,202.370849609375,9.241872787475586
512,1,1000,1000,202.37086486816406,9.241872787475586
513,1,1000,1000,202.37086486816406,9.241872787475586
514,1,1000,1000,202.370849609375,9.241872787475586
515,1,1000,1000,202.3708953857422,9.241872787475586
516,1,1000,1000,202.37086486816406,9.241872787475586
517,1,1000,1000,202.37083435058594,9.241872787475586
518,1,1000,1000,202.37088012695312,9.241872787475586
519,1,1000,1000,202.370849609375,9.241872787475586
520,1,1000,1000,202.37086486816406,9.241872787475586
521,1,1000,1000,202.37081909179688,9.241872787475586
522,1,1000,1000,202.37088012695312,9.241872787475586
523,1,1000,1000,202.37083435058594,9.241872787475586
524,1,1000,1000,202.37086486816406,9.241872787475586
525,1,1000,1000,202.37086486816406,9.241872787475586
526,1,1000,1000,202.37083435058594,9.241872787475586
527,1,1000,1000,202.37086486816406,9.241872787475586
528,1,1000,1000,202.37091064453125,9.241872787475586
529,1,1000,1000,202.37088012695312,9.241872787475586
530,1,1000,1000,202.37088012695312,9.241872787475586
531,1,1000,1000,202.37088012695312,9.241872787475586
532,1,1000,1000,202.37086486816406,9.241872787475586
533,1,1000,1000,202.37086486816406,9.241872787475586
534,1,1000,1000,202.37086486816406,9.241872787475586
535,1,1000,1000,202.37086486816406,9.241872787475586
536,1,1000,1000,202.37086486816406,9.241872787475586
537,1,1000,1000,202.370849609375,9.241872787475586
538,1,1000,1000,202.370849609375,9.241872787475586
539,1,1000,1000,202.370849609375,9.241872787475586
540,1,1000,1000,202.370849609375,9.241872787475586
541,1,1000,1000,202.370849609375,9.241872787475586
542,1,1000,1000,202.370849609375,9.241872787475586
543,1,1000,1000,202.37086486816406,9.241872787475586
544,1,1000,1000,202.37086486816406,9.241872787475586
545,1,1000,1000,202.370849609375,9.241872787475586
546,1,1000,1000,202.3708953857422,9.241872787475586
547,1,1000,1000,202.370849609375,9.241872787475586
548,1,1000,1000,202.37083435058594,9.241872787475586
549,1,1000,1000,202.37091064453125,9.241872787475586
550,1,1000,1000,202.37094116210938,9.241872787475586
551,1,1000,1000,202.37094116210938,9.241872787475586
552,1,1000,1000,202.3709259033203,9.241872787475586
553,1,1000,1000,202.3709259033203,9.241872787475586
554,1,1000,1000,202.3709259033203,9.241872787475586
555,1,1000,1000,202.37091064453125,9.241872787475586
556,1,1000,1000,202.37091064453125,9.241872787475586
557,1,1000,1000,202.37091064453125,9.241872787475586
558,1,1000,1000,202.37091064453125,9.241872787475586
559,1,1000,1000,202.37091064453125,9.241872787475586
560,1,1000,1000,202.3708953857422,9.241872787475586
561,1,1000,1000,202.3708953857422,9.241872787475586
562,1,1000,1000,202.3708953857422,9.241872787475586
563,1,1000,1000,202.37088012695312,9.241872787475586
564,1,1000,1000,202.37088012695312,9.241872787475586
565,1,1000,1000,202.37088012695312,9.241872787475586
566,1,1000,1000,202.37088012695312,9.241872787475586
567,1,1000,1000,202.37088012695312,9.241872787475586
568,1,1000,1000,202.37088012695312,9.241872787475586
569,1,1000,1000,202.37086486816406,9.241872787475586
570,1,1000,1000,202.37086486816406,9.241872787475586
571,1,1000,1000,202.37086486816406,9.241872787475586
572,1,1000,1000,202.37086486816406,9.241872787475586
573,1,1000,1000,202.37086486816406,9.241872787475586
574,1,1000,1000,202.370849609375,9.241872787475586
575,1,1000,1000,202.370849609375,9.241872787475586
576,1,1000,1000,202.370849609375,9.241872787475586
577,1,1000,1000,202.37091064453125,9.241872787475586
578,1,1000,1000,202.37094116210938,9.241872787475586
579,1,1000,1000,202.37094116210938,9.241872787475586
580,1,1000,1000,202.37094116210938,9.241872787475586
581,1,1000,1000,202.37094116210938,9.241872787475586
582,1,1000,1000,202.37094116210938,9.241872787475586
583,1,1000,1000,202.37094116210938,9.241872787475586
584,1,1000,1000,202.37094116210938,9.241872787475586
585,1,1000,1000,202.37094116210938,9.241872787475586
586,1,1000,1000,202.37094116210938,9.241872787475586
587,1,1000,1000,202.37094116210938,9.241872787475586
588,1,1000,1000,202.3709259033203,9.241872787475586
589,1,1000,1000,202.3709259033203,9.241872787475586
590,1,1000,1000,202.3709259033203,9.241872787475586
591,1,1000,1000,202.37091064453125,9.241872787475586
592,1,1000,1000,202.37091064453125,9.241872787475586
593,1,1000,1000,202.37091064453125,9.241872787475586
594,1,1000,1000,202.37091064453125,9.241872787475586
595,1,1000,1000,202.37091064453125,9.241872787475586
596,1,1000,1000,202.37091064453125,9.241872787475586
597,1,1000,1000,202.3708953857422,9.241872787475586
598,1,1000,1000,202.3708953857422,9.241872787475586
599,1,1000,1000,202.37088012695312,9.241872787475586
600,1,1000,1000,202.37088012695312,9.241872787475586
601,1,1000,1000,202.37088012695312,9.241872787475586
602,1,1000,1000,202.37088012695312,9.241872787475586
603,1,1000,1000,202.37088012695312,9.241872787475586
604,1,1000,1000,202.37086486816406,9.241872787475586
605,1,1000,1000,202.37086486816406,9.241872787475586
606,1,1000,1000,202.37086486816406,9.241872787475586
607,1,1000,1000,202.37086486816406,9.241872787475586
608,1,1000,1000,202.37086486816406,9.241872787475586
609,1,1000,1000,202.370849609375,9.241872787475586
610,1,1000,1000,202.370849609375,9.241872787475586
611,1,1000,1000,202.370849609375,9.241872787475586
612,1,1000,1000,202.370849609375,9.241872787475586
613,1,1000,1000,202.370849609375,9.241872787475586
614,1,1000,1000,202.370849609375,9.241872787475586
615,1,1000,1000,202.370849609375,9.241872787475586
616,1,1000,1000,202.370849609375,9.241872787475586
617,1,1000,1000,202.37088012695312,9.241872787475586
618,1,1000,1000,202.37088012695312,9.241872787475586
619,1,1000,1000,202.37088012695312,9.241872787475586
620,1,1000,1000,202.37088012695312,9.241872787475586
621,1,1000,1000,202.37088012695312,9.241872787475586
622,1,1000,1000,202.37088012695312,9.241872787475586
623,1,1000,1000,202.37086486816406,9.241872787475586
624,1,1000,1000,202.37086486816406,9.241872787475586
625,1,1000,1000,202.37086486816406,9.241872787475586
626,1,1000,1000,202.37086486816406,9.241872787475586
627,1,1000,1000,202.370849609375,9.241872787475586
628,1,1000,1000,202.370849609375,9.241872787475586
629,1,1000,1000,202.370849609375,9.241872787475586
630,1,1000,1000,202.370849609375,9.241872787475586
631,1,1000,1000,202.370849609375,9.241872787475586
632,1,1000,1000,202.37091064453125,9.241872787475586
633,1,1000,1000,202.37094116210938,9.241872787475586
634,1,1000,1000,202.37094116210938,9.241872787475586
635,1,1000,1000,202.37094116210938,9.241872787475586
636,1,1000,1000,202.37094116210938,9.241872787475586
637,1,1000,1000,202.37094116210938,9.241872787475586
638,1,1000,1000,202.37094116210938,9.241872787475586
639,1,1000,1000,202.37094116210938,9.241872787475586
640,1,1000,1000,202.37094116210938,9.241872787475586
641,1,1000,1000,202.37094116210938,9.241872787475586
642,1,1000,1000,202.3709259033203,9.241872787475586
643,1,1000,1000,202.3709259033203,9.241872787475586
644,1,1000,1000,202.3709259033203,9.241872787475586
645,1,1000,1000,202.3709259033203,9.241872787475586
646,1,1000,1000,202.37091064453125,9.241872787475586
647,1,1000,1000,202.37091064453125,9.241872787475586
648,1,1000,1000,202.37091064453125,9.241872787475586
649,1,1000,1000,202.37091064453125,9.241872787475586
650,1,1000,1000,202.3708953857422,9.241872787475586
651,1,1000,1000,202.37091064453125,9.241872787475586
652,1,1000,1000,202.3708953857422,9.241872787475586
653,1,1000,1000,202.37088012695312,9.241872787475586
654,1,1000,1000,202.37088012695312,9.241872787475586
655,1,1000,1000,202.37088012695312,9.241872787475586
656,1,1000,1000,202.37088012695312,9.241872787475586
657,1,1000,1000,202.37088012695312,9.241872787475586
658,1,1000,1000,202.37088012695312,9.241872787475586
659,1,1000,1000,202.37086486816406,9.241872787475586
660,1,1000,1000,202.37086486816406,9.241872787475586
661,1,1000,1000,202.37086486816406,9.241872787475586
662,1,1000,1000,202.37086486816406,9.241872787475586
663,1,1000,1000,202.37086486816406,9.241872787475586
664,1,1000,1000,202.370849609375,9.241872787475586
665,1,1000,1000,202.370849609375,9.241872787475586
666,1,1000,1000,202.370849609375,9.241872787475586
667,1,1000,1000,202.370849609375,9.241872787475586
668,1,1000,1000,202.370849609375,9.241872787475586
669,1,1000,1000,202.370849609375,9.241872787475586
670,1,1000,1000,202.37086486816406,9.241872787475586
671,1,1000,1000,202.37086486816406,9.241872787475586
672,1,1000,1000,202.370849609375,9.241872787475586
673,1,1000,1000,202.3708953857422,9.241872787475586
674,1,1000,1000,202.37086486816406,9.241872787475586
675,1,1000,1000,202.37083435058594,9.241872787475586
676,1,1000,1000,202.37088012695312,9.241872787475586
677,1,1000,1000,202.370849609375,9.241872787475586
678,1,1000,1000,202.37086486816406,9.241872787475586
679,1,1000,1000,202.37081909179688,9.241872787475586
680,1,1000,1000,202.37088012695312,9.241872787475586
681,1,1000,1000,202.37083435058594,9.241872787475586
682,1,1000,1000,202.37086486816406,9.241872787475586
683,1,1000,1000,202.37081909179688,9.241872787475586
684,1,1000,1000,202.37086486816406,9.241872787475586
685,1,1000,1000,202.37083435058594,9.241872787475586
686,1,1000,1000,202.37086486816406,9.241872787475586
687,1,1000,1000,202.37081909179688,9.241872787475586
688,1,1000,1000,202.37086486816406,9.241872787475586
689,1,1000,1000,202.37081909179688,9.241872787475586
690,1,1000,1000,202.370849609375,9.241872787475586
691,1,1000,1000,202.3708038330078,9.241872787475586
692,1,1000,1000,202.370849609375,9.241872787475586
693,1,1000,1000,202.37078857421875,9.241872787475586
694,1,1000,1000,202.37086486816406,9.241872787475586
695,1,1000,1000,202.37081909179688,9.241872787475586
696,1,1000,1000,202.370849609375,9.241872787475586
697,1,1000,1000,202.37086486816406,9.241872787475586
698,1,1000,1000,202.37078857421875,9.241872787475586
699,1,1000,1000,202.37081909179688,9.241872787475586
700,1,1000,1000,202.37081909179688,9.241872787475586
701,1,1000,1000,202.3708038330078,9.241872787475586
702,1,1000,1000,202.37081909179688,9.241872787475586
703,1,1000,1000,202.37081909179688,9.241872787475586
704,1,1000,1000,202.37081909179688,9.241872787475586
705,1,1000,1000,202.37078857421875,9.241872787475586
706,1,1000,1000,202.37081909179688,9.241872787475586
707,1,1000,1000,202.37078857421875,9.241872787475586
708,1,1000,1000,202.37081909179688,9.241872787475586
709,1,1000,1000,202.37078857421875,9.241872787475586
710,1,1000,1000,202.3708038330078,9.241872787475586
711,1,1000,1000,202.37081909179688,9.241872787475586
712,1,1000,1000,202.37081909179688,9.241872787475586
713,1,1000,1000,202.37078857421875,9.241872787475586
714,1,1000,1000,202.37078857421875,9.241872787475586
715,1,1000,1000,202.3708038330078,9.241872787475586
716,1,1000,1000,202.3708038330078,9.241872787475586
717,1,1000,1000,202.37078857421875,9.241872787475586
718,1,1000,1000,202.370849609375,9.241872787475586
719,1,1000,1000,202.37075805664062,9.241872787475586
720,1,1000,1000,202.3707275390625,9.241872787475586
721,1,1000,1000,202.3707275390625,9.241872787475586
722,1,1000,1000,202.3707275390625,9.241872787475586
723,1,1000,1000,202.3707275390625,9.241872787475586
724,1,1000,1000,202.3707275390625,9.241872787475586
725,1,1000,1000,202.3707275390625,9.241872787475586
726,1,1000,1000,202.3707275390625,9.241872787475586
727,1,1000,1000,202.37071228027344,9.241872787475586
728,1,1000,1000,202.37071228027344,9.241872787475586
729,1,1000,1000,202.37069702148438,9.241872787475586
730,1,1000,1000,202.37069702148438,9.241872787475586
731,1,1000,1000,202.37069702148438,9.241872787475586
732,1,1000,1000,202.37069702148438,9.241872787475586
733,1,1000,1000,202.37069702148438,9.241872787475586
734,1,1000,1000,202.3706817626953,9.241872787475586
735,1,1000,1000,202.37066650390625,9.241872787475586
736,1,1000,1000,202.37066650390625,9.241872787475586
737,1,1000,1000,202.37066650390625,9.241872787475586
738,1,1000,1000,202.37066650390625,9.241872787475586
739,1,1000,1000,202.37066650390625,9.241872787475586
740,1,1000,1000,202.37066650390625,9.241872787475586
741,1,1000,1000,202.3706512451172,9.241872787475586
742,1,1000,1000,202.3706512451172,9.241872787475586
743,1,1000,1000,202.3706512451172,9.241872787475586
744,1,1000,1000,202.37063598632812,9.241872787475586
745,1,1000,1000,202.37063598632812,9.241872787475586
746,1,1000,1000,202.37063598632812,9.241872787475586
747,1,1000,1000,202.37063598632812,9.241872787475586
748,1,1000,1000,202.37063598632812,9.241872787475586
749,1,1000,1000,202.37063598632812,9.241872787475586
750,1,1000,1000,202.37060546875,9.241872787475586
751,1,1000,1000,202.37060546875,9.241872787475586
752,1,1000,1000,202.37060546875,9.241872787475586
753,1,1000,1000,202.37060546875,9.241872787475586
754,1,1000,1000,202.37060546875,9.241872787475586
755,1,1000,1000,202.37060546875,9.241872787475586
756,1,1000,1000,202.37060546875,9.241872787475586
757,1,1000,1000,202.37060546875,9.241872787475586
758,1,1000,1000,202.37060546875,9.241872787475586
759,1,1000,1000,202.37063598632812,9.241872787475586
760,1,1000,1000,202.37060546875,9.241872787475586
761,1,1000,1000,202.37057495117188,9.241872787475586
762,1,1000,1000,202.37063598632812,9.241872787475586
763,1,1000,1000,202.3706512451172,9.241872787475586
764,1,1000,1000,202.37066650390625,9.241872787475586
765,1,1000,1000,202.37066650390625,9.241872787475586
766,1,1000,1000,202.37066650390625,9.241872787475586
767,1,1000,1000,202.3706512451172,9.241872787475586
768,1,1000,1000,202.3706512451172,9.241872787475586
769,1,1000,1000,202.3706512451172,9.241872787475586
770,1,1000,1000,202.37063598632812,9.241872787475586
771,1,1000,1000,202.37063598632812,9.241872787475586
772,1,1000,1000,202.37063598632812,9.241872787475586
773,1,1000,1000,202.37063598632812,9.241872787475586
774,1,1000,1000,202.37063598632812,9.241872787475586
775,1,1000,1000,202.37060546875,9.241872787475586
776,1,1000,1000,202.37060546875,9.241872787475586
777,1,1000,1000,202.37063598632812,9.241872787475586
778,1,1000,1000,202.37062072753906,9.241872787475586
779,1,1000,1000,202.37060546875,9.241872787475586
780,1,1000,1000,202.37060546875,9.241872787475586
781,1,1000,1000,202.37060546875,9.241872787475586
782,1,1000,1000,202.37060546875,9.241872787475586
783,1,1000,1000,202.37063598632812,9.241872787475586
784,1,1000,1000,202.37060546875,9.241872787475586
785,1,1000,1000,202.37060546875,9.241872787475586
786,1,1000,1000,202.37063598632812,9.241872787475586
787,1,1000,1000,202.37057495117188,9.241872787475586
788,1,1000,1000,202.37063598632812,9.241872787475586
789,1,1000,1000,202.37063598632812,9.241872787475586
790,1,1000,1000,202.37063598632812,9.241872787475586
791,1,1000,1000,202.3706512451172,9.241872787475586
792,1,1000,1000,202.37063598632812,9.241872787475586
793,1,1000,1000,202.37063598632812,9.241872787475586
794,1,1000,1000,202.37063598632812,9.241872787475586
795,1,1000,1000,202.37063598632812,9.241872787475586
796,1,1000,1000,202.37063598632812,9.241872787475586
797,1,1000,1000,202.37063598632812,9.241872787475586
798,1,1000,1000,202.37063598632812,9.241872787475586
799,1,1000,1000,202.37063598632812,9.241872787475586
800,1,1000,1000,202.37063598632812,9.241872787475586
801,1,1000,1000,202.37062072753906,9.241872787475586
802,1,1000,1000,202.37060546875,9.241872787475586
803,1,1000,1000,202.37060546875,9.241872787475586
804,1,1000,1000,202.37060546875,9.241872787475586
805,1,1000,1000,202.37060546875,9.241872787475586
806,1,1000,1000,202.37060546875,9.241872787475586
807,1,1000,1000,202.37063598632812,9.241872787475586
808,1,1000,1000,202.37060546875,9.241872787475586
809,1,1000,1000,202.37057495117188,9.241872787475586
810,1,1000,1000,202.37063598632812,9.241872787475586
811,1,1000,1000,202.3706512451172,9.241872787475586
812,1,1000,1000,202.37066650390625,9.241872787475586
813,1,1000,1000,202.37066650390625,9.241872787475586
814,1,1000,1000,202.37066650390625,9.241872787475586
815,1,1000,1000,202.3706512451172,9.241872787475586
816,1,1000,1000,202.3706512451172,9.241872787475586
817,1,1000,1000,202.37063598632812,9.241872787475586
818,1,1000,1000,202.37063598632812,9.241872787475586
819,1,1000,1000,202.37063598632812,9.241872787475586
820,1,1000,1000,202.37063598632812,9.241872787475586
821,1,1000,1000,202.37063598632812,9.241872787475586
822,1,1000,1000,202.37062072753906,9.241872787475586
823,1,1000,1000,202.37063598632812,9.241872787475586
824,1,1000,1000,202.37060546875,9.241872787475586
825,1,1000,1000,202.37060546875,9.241872787475586
826,1,1000,1000,202.37060546875,9.241872787475586
827,1,1000,1000,202.37060546875,9.241872787475586
828,1,1000,1000,202.37060546875,9.241872787475586
829,1,1000,1000,202.37066650390625,9.241872787475586
830,1,1000,1000,202.37066650390625,9.241872787475586
831,1,1000,1000,202.3706817626953,9.241872787475586
832,1,1000,1000,202.3706817626953,9.241872787475586
833,1,1000,1000,202.3706817626953,9.241872787475586
834,1,1000,1000,202.37066650390625,9.241872787475586
835,1,1000,1000,202.37066650390625,9.241872787475586
836,1,1000,1000,202.37066650390625,9.241872787475586
837,1,1000,1000,202.37066650390625,9.241872787475586
838,1,1000,1000,202.37066650390625,9.241872787475586
839,1,1000,1000,202.37066650390625,9.241872787475586
840,1,1000,1000,202.37066650390625,9.241872787475586
841,1,1000,1000,202.37066650390625,9.241872787475586
842,1,1000,1000,202.3706512451172,9.241872787475586
843,1,1000,1000,202.37066650390625,9.241872787475586
844,1,1000,1000,202.37063598632812,9.241872787475586
845,1,1000,1000,202.37066650390625,9.241872787475586
846,1,1000,1000,202.37063598632812,9.241872787475586
847,1,1000,1000,202.37063598632812,9.241872787475586
848,1,1000,1000,202.37063598632812,9.241872787475586
849,1,1000,1000,202.37060546875,9.241872787475586
850,1,1000,1000,202.37060546875,9.241872787475586
851,1,1000,1000,202.37060546875,9.241872787475586
852,1,1000,1000,202.37063598632812,9.241872787475586
853,1,1000,1000,202.37062072753906,9.241872787475586
854,1,1000,1000,202.37060546875,9.241872787475586
855,1,1000,1000,202.37060546875,9.241872787475586
856,1,1000,1000,202.37060546875,9.241872787475586
857,1,1000,1000,202.37060546875,9.241872787475586
858,1,1000,1000,202.37063598632812,9.241872787475586
859,1,1000,1000,202.37060546875,9.241872787475586
860,1,1000,1000,202.37060546875,9.241872787475586
861,1,1000,1000,202.37063598632812,9.241872787475586
862,1,1000,1000,202.37057495117188,9.241872787475586
863,1,1000,1000,202.37063598632812,9.241872787475586
864,1,1000,1000,202.37063598632812,9.241872787475586
865,1,1000,1000,202.37063598632812,9.241872787475586
866,1,1000,1000,202.37063598632812,9.241872787475586
867,1,1000,1000,202.37063598632812,9.241872787475586
868,1,1000,1000,202.37063598632812,9.241872787475586
869,1,1000,1000,202.37063598632812,9.241872787475586
870,1,1000,1000,202.37063598632812,9.241872787475586
871,1,1000,1000,202.37063598632812,9.241872787475586
872,1,1000,1000,202.37063598632812,9.241872787475586
873,1,1000,1000,202.37060546875,9.241872787475586
874,1,1000,1000,202.37060546875,9.241872787475586
875,1,1000,1000,202.37060546875,9.241872787475586
876,1,1000,1000,202.37063598632812,9.241872787475586
877,1,1000,1000,202.37062072753906,9.241872787475586
878,1,1000,1000,202.37060546875,9.241872787475586
879,1,1000,1000,202.37060546875,9.241872787475586
880,1,1000,1000,202.37060546875,9.241872787475586
881,1,1000,1000,202.37060546875,9.241872787475586
882,1,1000,1000,202.37063598632812,9.241872787475586
883,1,1000,1000,202.37060546875,9.241872787475586
884,1,1000,1000,202.37060546875,9.241872787475586
885,1,1000,1000,202.37063598632812,9.241872787475586
886,1,1000,1000,202.37057495117188,9.241872787475586
887,1,1000,1000,202.37063598632812,9.241872787475586
888,1,1000,1000,202.37063598632812,9.241872787475586
889,1,1000,1000,202.37063598632812,9.241872787475586
890,1,1000,1000,202.37063598632812,9.241872787475586
891,1,1000,1000,202.37063598632812,9.241872787475586
892,1,1000,1000,202.37063598632812,9.241872787475586
893,1,1000,1000,202.37063598632812,9.241872787475586
894,1,1000,1000,202.37063598632812,9.241872787475586
895,1,1000,1000,202.37063598632812,9.241872787475586
896,1,1000,1000,202.37062072753906,9.241872787475586
897,1,1000,1000,202.37063598632812,9.241872787475586
898,1,1000,1000,202.37060546875,9.241872787475586
899,1,1000,1000,202.37060546875,9.241872787475586
900,1,1000,1000,202.37060546875,9.241872787475586
901,1,1000,1000,202.37060546875,9.241872787475586
902,1,1000,1000,202.37060546875,9.241872787475586
903,1,1000,1000,202.37060546875,9.241872787475586
904,1,1000,1000,202.37060546875,9.241872787475586
905,1,1000,1000,202.37066650390625,9.241872787475586
906,1,1000,1000,202.37060546875,9.241872787475586
907,1,1000,1000,202.37066650390625,9.241872787475586
908,1,1000,1000,202.37066650390625,9.241872787475586
909,1,1000,1000,202.37066650390625,9.241872787475586
910,1,1000,1000,202.37066650390625,9.241872787475586
911,1,1000,1000,202.37066650390625,9.241872787475586
912,1,1000,1000,202.37066650390625,9.241872787475586
913,1,1000,1000,202.37066650390625,9.241872787475586
914,1,1000,1000,202.3706512451172,9.241872787475586
915,1,1000,1000,202.37066650390625,9.241872787475586
916,1,1000,1000,202.37063598632812,9.241872787475586
917,1,1000,1000,202.37066650390625,9.241872787475586
918,1,1000,1000,202.37063598632812,9.241872787475586
919,1,1000,1000,202.37063598632812,9.241872787475586
920,1,1000,1000,202.37063598632812,9.241872787475586
921,1,1000,1000,202.37063598632812,9.241872787475586
922,1,1000,1000,202.37062072753906,9.241872787475586
923,1,1000,1000,202.37063598632812,9.241872787475586
924,1,1000,1000,202.37062072753906,9.241872787475586
925,1,1000,1000,202.37060546875,9.241872787475586
926,1,1000,1000,202.37060546875,9.241872787475586
927,1,1000,1000,202.37060546875,9.241872787475586
928,1,1000,1000,202.37060546875,9.241872787475586
929,1,1000,1000,202.37063598632812,9.241872787475586
930,1,1000,1000,202.37060546875,9.241872787475586
931,1,1000,1000,202.37057495117188,9.241872787475586
932,1,1000,1000,202.37063598632812,9.241872787475586
933,1,1000,1000,202.3706512451172,9.241872787475586
934,1,1000,1000,202.37066650390625,9.241872787475586
935,1,1000,1000,202.37066650390625,9.241872787475586
936,1,1000,1000,202.37066650390625,9.241872787475586
937,1,1000,1000,202.3706512451172,9.241872787475586
938,1,1000,1000,202.3706512451172,9.241872787475586
939,1,1000,1000,202.3706512451172,9.241872787475586
940,1,1000,1000,202.37063598632812,9.241872787475586
941,1,1000,1000,202.37063598632812,9.241872787475586
942,1,1000,1000,202.37063598632812,9.241872787475586
943,1,1000,1000,202.37063598632812,9.241872787475586
944,1,1000,1000,202.37063598632812,9.241872787475586
945,1,1000,1000,202.37063598632812,9.241872787475586
946,1,1000,1000,202.37063598632812,9.241872787475586
947,1,1000,1000,202.37063598632812,9.241872787475586
948,1,1000,1000,202.37062072753906,9.241872787475586
949,1,1000,1000,202.37060546875,9.241872787475586
950,1,1000,1000,202.37060546875,9.241872787475586
951,1,1000,1000,202.37060546875,9.241872787475586
952,1,1000,1000,202.37060546875,9.241872787475586
953,1,1000,1000,202.37060546875,9.241872787475586
954,1,1000,1000,202.37063598632812,9.241872787475586
955,1,1000,1000,202.37060546875,9.241872787475586
956,1,1000,1000,202.37057495117188,9.241872787475586
957,1,1000,1000,202.37063598632812,9.241872787475586
958,1,1000,1000,202.3706512451172,9.241872787475586
959,1,1000,1000,202.37066650390625,9.241872787475586
960,1,1000,1000,202.37066650390625,9.241872787475586
961,1,1000,1000,202.37066650390625,9.241872787475586
962,1,1000,1000,202.3706512451172,9.241872787475586
963,1,1000,1000,202.3706512451172,9.241872787475586
964,1,1000,1000,202.3706512451172,9.241872787475586
965,1,1000,1000,202.37063598632812,9.241872787475586
966,1,1000,1000,202.37063598632812,9.241872787475586
967,1,1000,1000,202.37063598632812,9.241872787475586
968,1,1000,1000,202.37063598632812,9.241872787475586
969,1,1000,1000,202.37063598632812,9.241872787475586
970,1,1000,1000,202.37063598632812,9.241872787475586
971,1,1000,1000,202.37063598632812,9.241872787475586
972,1,1000,1000,202.37062072753906,9.241872787475586
973,1,1000,1000,202.37063598632812,9.241872787475586
974,1,1000,1000,202.37062072753906,9.241872787475586
975,1,1000,1000,202.37060546875,9.241872787475586
976,1,1000,1000,202.37060546875,9.241872787475586
977,1,1000,1000,202.37060546875,9.241872787475586
978,1,1000,1000,202.37060546875,9.241872787475586
979,1,1000,1000,202.37063598632812,9.241872787475586
980,1,1000,1000,202.37060546875,9.241872787475586
981,1,1000,1000,202.37057495117188,9.241872787475586
982,1,1000,1000,202.37063598632812,9.241872787475586
983,1,1000,1000,202.3706512451172,9.241872787475586
984,1,1000,1000,202.37066650390625,9.241872787475586
985,1,1000,1000,202.37066650390625,9.241872787475586
986,1,1000,1000,202.37066650390625,9.241872787475586
987,1,1000,1000,202.37066650390625,9.241872787475586
988,1,1000,1000,202.3706512451172,9.241872787475586
989,1,1000,1000,202.37063598632812,9.241872787475586
990,1,1000,1000,202.37063598632812,9.241872787475586
991,1,1000,1000,202.37063598632812,9.241872787475586
992,1,1000,1000,202.37063598632812,9.241872787475586
993,1,1000,1000,202.37063598632812,9.241872787475586
994,1,1000,1000,202.37063598632812,9.241872787475586
995,1,1000,1000,202.37060546875,9.241872787475586
996,1,1000,1000,202.37060546875,9.241872787475586
997,1,1000,1000,202.37060546875,9.241872787475586
998,1,1000,1000,202.37060546875,9.241872787475586
999,1,1000,1000,202.37060546875,9.241872787475586
1000,1,1000,1000,202.37060546875,9.241872787475586
1001,1,1000,1000,202.37060546875,9.241872787475586
1002,1,1000,1000,202.37060546875,9.241872787475586
1003,1,1000,1000,202.37060546875,9.241872787475586
1004,1,1000,1000,202.37063598632812,9.241872787475586
1005,1,1000,1000,202.37060546875,9.241872787475586
1006,1,1000,1000,202.37060546875,9.241872787475586
1007,1,1000,1000,202.37063598632812,9.241872787475586
1008,1,1000,1000,202.37057495117188,9.241872787475586
1009,1,1000,1000,202.37063598632812,9.241872787475586
1010,1,1000,1000,202.37063598632812,9.241872787475586
1011,1,1000,1000,202.37063598632812,9.241872787475586
1012,1,1000,1000,202.37063598632812,9.241872787475586
1013,1,1000,1000,202.37063598632812,9.241872787475586
1014,1,1000,1000,202.37063598632812,9.241872787475586
1015,1,1000,1000,202.37063598632812,9.241872787475586
1016,1,1000,1000,202.37063598632812,9.241872787475586
1017,1,1000,1000,202.37063598632812,9.241872787475586
1018,1,1000,1000,202.37063598632812,9.241872787475586
1019,1,1000,1000,202.37063598632812,9.241872787475586
1020,1,1000,1000,202.37063598632812,9.241872787475586
1021,1,1000,1000,202.37062072753906,9.241872787475586
1022,1,1000,1000,202.37060546875,9.241872787475586
1023,1,1000,1000,202.37060546875,9.241872787475586
1024,1,1000,1000,202.37060546875,9.241872787475586
1025,1,1000,1000,202.37060546875,9.241872787475586
1026,1,1000,1000,202.37063598632812,9.241872787475586
1027,1,1000,1000,202.37060546875,9.241872787475586
1028,1,1000,1000,202.37057495117188,9.241872787475586
1029,1,1000,1000,202.3706512451172,9.241872787475586
1030,1,1000,1000,202.3706512451172,9.241872787475586
1031,1,1000,1000,202.37066650390625,9.241872787475586
1032,1,1000,1000,202.3706817626953,9.241872787475586
1033,1,1000,1000,202.37066650390625,9.241872787475586
1034,1,1000,1000,202.37066650390625,9.241872787475586
1035,1,1000,1000,202.3706512451172,9.241872787475586
1036,1,1000,1000,202.37066650390625,9.241872787475586
1037,1,1000,1000,202.37063598632812,9.241872787475586
1038,1,1000,1000,202.37063598632812,9.241872787475586
1039,1,1000,1000,202.37063598632812,9.241872787475586
1040,1,1000,1000,202.37062072753906,9.241872787475586
1041,1,1000,1000,202.37060546875,9.241872787475586
1042,1,1000,1000,202.37060546875,9.241872787475586
1043,1,1000,1000,202.37060546875,9.241872787475586
1044,1,1000,1000,202.37063598632812,9.241872787475586
1045,1,1000,1000,202.37062072753906,9.241872787475586
1046,1,1000,1000,202.37060546875,9.241872787475586
1047,1,1000,1000,202.37060546875,9.241872787475586
1048,1,1000,1000,202.37060546875,9.241872787475586
1049,1,1000,1000,202.37060546875,9.241872787475586
1050,1,1000,1000,202.37063598632812,9.241872787475586
1051,1,1000,1000,202.37060546875,9.241872787475586
1052,1,1000,1000,202.37059020996094,9.241872787475586
1053,1,1000,1000,202.37063598632812,9.241872787475586
1054,1,1000,1000,202.37057495117188,9.241872787475586
1055,1,1000,1000,202.37063598632812,9.241872787475586
1056,1,1000,1000,202.37063598632812,9.241872787475586
1057,1,1000,1000,202.37063598632812,9.241872787475586
1058,1,1000,1000,202.37063598632812,9.241872787475586
1059,1,1000,1000,202.37063598632812,9.241872787475586
1060,1,1000,1000,202.37063598632812,9.241872787475586
1061,1,1000,1000,202.37063598632812,9.241872787475586
1062,1,1000,1000,202.37063598632812,9.241872787475586
1063,1,1000,1000,202.37063598632812,9.241872787475586
1064,1,1000,1000,202.37060546875,9.241872787475586
1065,1,1000,1000,202.37060546875,9.241872787475586
1066,1,1000,1000,202.37063598632812,9.241872787475586
1067,1,1000,1000,202.37062072753906,9.241872787475586
1068,1,1000,1000,202.37060546875,9.241872787475586
1069,1,1000,1000,202.37060546875,9.241872787475586
1070,1,1000,1000,202.37060546875,9.241872787475586
1071,1,1000,1000,202.37060546875,9.241872787475586
1072,1,1000,1000,202.37063598632812,9.241872787475586
1073,1,1000,1000,202.37060546875,9.241872787475586
1074,1,1000,1000,202.37060546875,9.241872787475586
1075,1,1000,1000,202.37063598632812,9.241872787475586
1076,1,1000,1000,202.37057495117188,9.241872787475586
1077,1,1000,1000,202.37063598632812,9.241872787475586
1078,1,1000,1000,202.37063598632812,9.241872787475586
1079,1,1000,1000,202.37063598632812,9.241872787475586
1080,1,1000,1000,202.3706512451172,9.241872787475586
1081,1,1000,1000,202.37063598632812,9.241872787475586
1082,1,1000,1000,202.37063598632812,9.241872787475586
1083,1,1000,1000,202.37063598632812,9.241872787475586
1084,1,1000,1000,202.37063598632812,9.241872787475586
1085,1,1000,1000,202.37063598632812,9.241872787475586
1086,1,1000,1000,202.37063598632812,9.241872787475586
1087,1,1000,1000,202.37063598632812,9.241872787475586
1088,1,1000,1000,202.37062072753906,9.241872787475586
1089,1,1000,1000,202.37063598632812,9.241872787475586
1090,1,1000,1000,202.37062072753906,9.241872787475586
1091,1,1000,1000,202.37060546875,9.241872787475586
1092,1,1000,1000,202.37060546875,9.241872787475586
1093,1,1000,1000,202.37060546875,9.241872787475586
1094,1,1000,1000,202.37060546875,9.241872787475586
1095,1,1000,1000,202.37063598632812,9.241872787475586
1096,1,1000,1000,202.37060546875,9.241872787475586
1097,1,1000,1000,202.37057495117188,9.241872787475586
1098,1,1000,1000,202.37063598632812,9.241872787475586
1099,1,1000,1000,202.3706512451172,9.241872787475586
1100,1,1000,1000,202.37066650390625,9.241872787475586
1101,1,1000,1000,202.37066650390625,9.241872787475586
1102,1,1000,1000,202.37066650390625,9.241872787475586
1103,1,1000,1000,202.3706512451172,9.241872787475586
1104,1,1000,1000,202.3706512451172,9.241872787475586
1105,1,1000,1000,202.37063598632812,9.241872787475586
1106,1,1000,1000,202.37063598632812,9.241872787475586
1107,1,1000,1000,202.37063598632812,9.241872787475586
1108,1,1000,1000,202.37063598632812,9.241872787475586
1109,1,1000,1000,202.37063598632812,9.241872787475586
1110,1,1000,1000,202.37063598632812,9.241872787475586
1111,1,1000,1000,202.37060546875,9.241872787475586
1112,1,1000,1000,202.37060546875,9.241872787475586
1113,1,1000,1000,202.37063598632812,9.241872787475586
1114,1,1000,1000,202.37062072753906,9.241872787475586
1115,1,1000,1000,202.37060546875,9.241872787475586
1116,1,1000,1000,202.37060546875,9.241872787475586
1117,1,1000,1000,202.37060546875,9.241872787475586
1118,1,1000,1000,202.37060546875,9.241872787475586
1119,1,1000,1000,202.37063598632812,9.241872787475586
1120,1,1000,1000,202.37060546875,9.241872787475586
1121,1,1000,1000,202.37057495117188,9.241872787475586
1122,1,1000,1000,202.3706512451172,9.241872787475586
1123,1,1000,1000,202.3706512451172,9.241872787475586
1124,1,1000,1000,202.37066650390625,9.241872787475586
1125,1,1000,1000,202.3706817626953,9.241872787475586
1126,1,1000,1000,202.37066650390625,9.241872787475586
1127,1,1000,1000,202.37066650390625,9.241872787475586
1128,1,1000,1000,202.3706512451172,9.241872787475586
1129,1,1000,1000,202.37066650390625,9.241872787475586
1130,1,1000,1000,202.37063598632812,9.241872787475586
1131,1,1000,1000,202.37063598632812,9.241872787475586
1132,1,1000,1000,202.3706512451172,9.241872787475586
1133,1,1000,1000,202.37063598632812,9.241872787475586
1134,1,1000,1000,202.37063598632812,9.241872787475586
1135,1,1000,1000,202.37063598632812,9.241872787475586
1136,1,1000,1000,202.37060546875,9.241872787475586
1137,1,1000,1000,202.37060546875,9.241872787475586
1138,1,1000,1000,202.37060546875,9.241872787475586
1139,1,1000,1000,202.37060546875,9.241872787475586
1140,1,1000,1000,202.37060546875,9.241872787475586
1141,1,1000,1000,202.37059020996094,9.241872787475586
1142,1,1000,1000,202.37063598632812,9.241872787475586
1143,1,1000,1000,202.37060546875,9.241872787475586
1144,1,1000,1000,202.37057495117188,9.241872787475586
1145,1,1000,1000,202.37063598632812,9.241872787475586
1146,1,1000,1000,202.3706512451172,9.241872787475586
1147,1,1000,1000,202.37066650390625,9.241872787475586
1148,1,1000,1000,202.37066650390625,9.241872787475586
1149,1,1000,1000,202.37066650390625,9.241872787475586
1150,1,1000,1000,202.3706512451172,9.241872787475586
1151,1,1000,1000,202.3706512451172,9.241872787475586
1152,1,1000,1000,202.37063598632812,9.241872787475586
1153,1,1000,1000,202.37063598632812,9.241872787475586
1154,1,1000,1000,202.37063598632812,9.241872787475586
1155,1,1000,1000,202.37063598632812,9.241872787475586
1156,1,1000,1000,202.37063598632812,9.241872787475586
1157,1,1000,1000,202.37063598632812,9.241872787475586
1158,1,1000,1000,202.37060546875,9.241872787475586
1159,1,1000,1000,202.37060546875,9.241872787475586
1160,1,1000,1000,202.37063598632812,9.241872787475586
1161,1,1000,1000,202.37062072753906,9.241872787475586
1162,1,1000,1000,202.37060546875,9.241872787475586
1163,1,1000,1000,202.37060546875,9.241872787475586
1164,1,1000,1000,202.37060546875,9.241872787475586
1165,1,1000,1000,202.37060546875,9.241872787475586
1166,1,1000,1000,202.37063598632812,9.241872787475586
1167,1,1000,1000,202.37060546875,9.241872787475586
1168,1,1000,1000,202.37060546875,9.241872787475586
1169,1,1000,1000,202.37063598632812,9.241872787475586
1170,1,1000,1000,202.37057495117188,9.241872787475586
1171,1,1000,1000,202.37063598632812,9.241872787475586
1172,1,1000,1000,202.37063598632812,9.241872787475586
1173,1,1000,1000,202.37063598632812,9.241872787475586
1174,1,1000,1000,202.37063598632812,9.241872787475586
1175,1,1000,1000,202.37063598632812,9.241872787475586
1176,1,1000,1000,202.37063598632812,9.241872787475586
1177,1,1000,1000,202.37063598632812,9.241872787475586
1178,1,1000,1000,202.37063598632812,9.241872787475586
1179,1,1000,1000,202.37063598632812,9.241872787475586
1180,1,1000,1000,202.37063598632812,9.241872787475586
1181,1,1000,1000,202.37060546875,9.241872787475586
1182,1,1000,1000,202.37060546875,9.241872787475586
1183,1,1000,1000,202.37063598632812,9.241872787475586
1184,1,1000,1000,202.37062072753906,9.241872787475586
1185,1,1000,1000,202.37060546875,9.241872787475586
1186,1,1000,1000,202.37060546875,9.241872787475586
1187,1,1000,1000,202.37060546875,9.241872787475586
1188,1,1000,1000,202.37060546875,9.241872787475586
1189,1,1000,1000,202.37063598632812,9.241872787475586
1190,1,1000,1000,202.37060546875,9.241872787475586
1191,1,1000,1000,202.37060546875,9.241872787475586
1192,1,1000,1000,202.37063598632812,9.241872787475586
1193,1,1000,1000,202.37057495117188,9.241872787475586
1194,1,1000,1000,202.37063598632812,9.241872787475586
1195,1,1000,1000,202.37063598632812,9.241872787475586
1196,1,1000,1000,202.37063598632812,9.241872787475586
1197,1,1000,1000,202.37063598632812,9.241872787475586
1198,1,1000,1000,202.37063598632812,9.241872787475586
1199,1,1000,1000,202.37063598632812,9.241872787475586
1200,1,1000,1000,202.37063598632812,9.241872787475586
1201,1,1000,1000,202.37063598632812,9.241872787475586
1202,1,1000,1000,202.37063598632812,9.241872787475586
1203,1,1000,1000,202.37063598632812,9.241872787475586
1204,1,1000,1000,202.37063598632812,9.241872787475586
1205,1,1000,1000,202.37062072753906,9.241872787475586
1206,1,1000,1000,202.37063598632812,9.241872787475586
1207,1,1000,1000,202.37062072753906,9.241872787475586
1208,1,1000,1000,202.37060546875,9.241872787475586
