1,1,1000,1000,185.82083129882812,30.0
2,1,1000,1000,186.70809936523438,29.975475311279297
3,1,1000,1000,186.5960235595703,29.92667007446289
4,1,1000,1000,186.3538360595703,29.85382843017578
5,1,1000,1000,186.13157653808594,29.757190704345703
6,1,1000,1000,185.91476440429688,29.636993408203125
7,1,1000,1000,185.69879150390625,29.493473052978516
8,1,1000,1000,185.4840087890625,29.326862335205078
9,1,1000,1000,185.27041625976562,29.137393951416016
10,1,1000,1000,185.0579833984375,28.925294876098633
11,1,1000,1000,184.84678649902344,28.690792083740234
12,1,1000,1000,184.6368408203125,28.43410873413086
13,1,1000,1000,184.42803955078125,28.155467987060547
14,1,1000,1000,184.22042846679688,27.85508918762207
15,1,1000,1000,184.01397705078125,27.533187866210938
16,1,1000,1000,183.8087921142578,27.18998146057129
17,1,1000,1000,183.60458374023438,26.825681686401367
18,1,1000,1000,183.401611328125,26.440500259399414
19,1,1000,1000,183.19985961914062,26.034645080566406
20,1,1000,1000,182.99917602539062,25.60832405090332
21,1,1000,1000,182.7996826171875,25.161741256713867
22,1,1000,1000,182.60122680664062,24.695098876953125
23,1,1000,1000,182.40396118164062,24.20859718322754
24,1,1000,1000,182.20779418945312,23.702436447143555
25,1,1000,1000,182.01275634765625,23.17681121826172
26,1,1000,1000,181.81881713867188,22.63191795349121
27,1,1000,1000,181.62599182128906,22.067949295043945
28,1,1000,1000,181.43423461914062,21.48509407043457
29,1,1000,1000,181.24354553222656,20.883543014526367
30,1,1000,1000,181.053955078125,20.26348304748535
31,1,1000,1000,180.86550903320312,19.625097274780273
32,1,1000,1000,180.6780548095703,18.968570709228516
33,1,1000,1000,180.49172973632812,18.294084548950195
34,1,1000,1000,180.306396484375,17.601818084716797
35,1,1000,1000,180.12203979492188,16.891948699951172
36,1,1000,1000,179.93885803222656,16.164653778076172
37,1,1000,1000,179.7566680908203,15.420106887817383
38,1,1000,1000,179.57546997070312,14.658480644226074
39,1,1000,1000,179.3953399658203,13.879945755004883
40,1,1000,1000,179.21627807617188,13.084671020507812
41,1,1000,1000,179.03819274902344,12.272823333740234
42,1,1000,1000,178.86111450195312,11.44456958770752
43,1,1000,1000,178.68499755859375,10.60007381439209
44,1,1000,1000,178.50994873046875,9.739498138427734
45,1,1000,1000,178.33584594726562,8.86300277709961
46,1,1000,1000,178.25531005859375,8.57837963104248
47,1,1000,1000,178.24020385742188,8.723735809326172
48,1,1000,1000,178.2490692138672,9.02200984954834
49,1,1000,1000,178.25735473632812,9.293241500854492
50,1,1000,1000,178.2647705078125,9.53683853149414
51,1,1000,1000,178.27218627929688,9.7532320022583
52,1,1000,1000,178.27963256835938,9.942791938781738
53,1,1000,1000,178.28704833984375,10.105844497680664
54,1,1000,1000,178.29446411132812,10.24268913269043
55,1,1000,1000,178.30181884765625,10.353609085083008
56,1,1000,1000,178.3092041015625,10.438876152038574
57,1,1000,1000,178.31655883789062,10.498754501342773
58,1,1000,1000,178.3238983154297,10.533502578735352
59,1,1000,1000,178.33126831054688,10.543374061584473
60,1,1000,1000,178.33859252929688,10.528619766235352
61,1,1000,1000,178.34588623046875,10.489485740661621
62,1,1000,1000,178.35321044921875,10.426217079162598
63,1,1000,1000,178.3604736328125,10.339056015014648
64,1,1000,1000,178.36776733398438,10.228240966796875
65,1,1000,1000,178.37506103515625,10.094009399414062
66,1,1000,1000,178.38235473632812,9.93659496307373
67,1,1000,1000,178.3895721435547,9.756229400634766
68,1,1000,1000,178.3968505859375,9.553142547607422
69,1,1000,1000,178.40411376953125,9.327561378479004
70,1,1000,1000,178.41134643554688,9.079710960388184
71,1,1000,1000,178.41455078125,9.026089668273926
72,1,1000,1000,178.415283203125,9.094587326049805
73,1,1000,1000,178.4150390625,9.193733215332031
74,1,1000,1000,178.414794921875,9.267495155334473
75,1,1000,1000,178.41461181640625,9.315862655639648
76,1,1000,1000,178.41445922851562,9.339141845703125
77,1,1000,1000,178.41424560546875,9.337615013122559
78,1,1000,1000,178.4140625,9.311549186706543
79,1,1000,1000,178.4138946533203,9.261201858520508
80,1,1000,1000,178.41383361816406,9.226968765258789
81,1,1000,1000,178.41360473632812,9.216312408447266
82,1,1000,1000,178.4135284423828,9.222270965576172
83,1,1000,1000,178.41343688964844,9.233899116516113
84,1,1000,1000,178.41339111328125,9.243186950683594
85,1,1000,1000,178.4133758544922,9.24718189239502
86,1,1000,1000,178.41342163085938,9.246772766113281
87,1,1000,1000,178.41348266601562,9.244363784790039
88,1,1000,1000,178.41351318359375,9.242044448852539
89,1,1000,1000,178.41354370117188,9.24081039428711
90,1,1000,1000,178.41354370117188,9.240669250488281
91,1,1000,1000,178.4135284423828,9.241134643554688
92,1,1000,1000,178.41354370117188,9.241697311401367
93,1,1000,1000,178.41354370117188,9.24205493927002
94,1,1000,1000,178.41354370117188,9.242152214050293
95,1,1000,1000,178.4135284423828,9.24207592010498
96,1,1000,1000,178.41354370117188,9.24194622039795
97,1,1000,1000,178.41351318359375,9.24184799194336
98,1,1000,1000,178.41354370117188,9.241809844970703
99,1,1000,1000,178.41351318359375,9.24181842803955
100,1,1000,1000,178.41354370117188,9.241847038269043
101,1,1000,1000,178.41351318359375,9.241872787475586
102,1,1000,1000,178.41354370117188,9.2418851852417
103,1,1000,1000,178.41351318359375,9.241886138916016
104,1,1000,1000,178.41354370117188,9.241880416870117
105,1,1000,1000,178.4134979248047,9.241873741149902
106,1,1000,1000,178.4135284423828,9.241869926452637
107,1,1000,1000,178.41351318359375,9.24186897277832
108,1,1000,1000,178.4135284423828,9.241869926452637
109,1,1000,1000,178.41351318359375,9.24187183380127
110,1,1000,1000,178.41351318359375,9.241872787475586
111,1,1000,1000,178.41351318359375,9.241872787475586
112,1,1000,1000,178.41351318359375,9.241872787475586
113,1,1000,1000,178.41351318359375,9.241872787475586
114,1,1000,1000,178.41351318359375,9.241872787475586
115,1,1000,1000,178.41351318359375,9.241872787475586
116,1,1000,1000,178.41351318359375,9.241872787475586
117,1,1000,1000,178.41351318359375,9.241872787475586
118,1,1000,1000,178.4134979248047,9.241872787475586
119,1,1000,1000,178.4134979248047,9.241872787475586
120,1,1000,1000,178.4134979248047,9.241872787475586
121,1,1000,1000,178.4134979248047,9.241872787475586
122,1,1000,1000,178.41348266601562,9.241872787475586
123,1,1000,1000,178.41348266601562,9.241872787475586
124,1,1000,1000,178.41348266601562,9.241872787475586
125,1,1000,1000,178.41348266601562,9.241872787475586
126,1,1000,1000,178.41348266601562,9.241872787475586
127,1,1000,1000,178.41346740722656,9.241872787475586
128,1,1000,1000,178.41346740722656,9.241872787475586
129,1,1000,1000,178.4134521484375,9.241872787475586
130,1,1000,1000,178.4134521484375,9.241872787475586
131,1,1000,1000,178.4134521484375,9.241872787475586
132,1,1000,1000,178.4134521484375,9.241872787475586
133,1,1000,1000,178.4134521484375,9.241872787475586
134,1,1000,1000,178.41343688964844,9.241872787475586
135,1,1000,1000,178.41343688964844,9.241872787475586
136,1,1000,1000,178.41343688964844,9.241872787475586
137,1,1000,1000,178.41343688964844,9.241872787475586
138,1,1000,1000,178.41342163085938,9.241872787475586
139,1,1000,1000,178.41342163085938,9.241872787475586
140,1,1000,1000,178.41342163085938,9.241872787475586
141,1,1000,1000,178.41342163085938,9.241872787475586
142,1,1000,1000,178.41342163085938,9.241872787475586
143,1,1000,1000,178.41342163085938,9.241872787475586
144,1,1000,1000,178.4134063720703,9.241872787475586
145,1,1000,1000,178.4134063720703,9.241872787475586
146,1,1000,1000,178.41339111328125,9.241872787475586
147,1,1000,1000,178.41339111328125,9.241872787475586
148,1,1000,1000,178.41342163085938,9.241872787475586
149,1,1000,1000,178.41339111328125,9.241872787475586
150,1,1000,1000,178.4134063720703,9.241872787475586
151,1,1000,1000,178.41339111328125,9.241872787475586
152,1,1000,1000,178.41342163085938,9.241872787475586
153,1,1000,1000,178.41339111328125,9.241872787475586
154,1,1000,1000,178.41342163085938,9.241872787475586
155,1,1000,1000,178.4133758544922,9.241872787475586
156,1,1000,1000,178.41342163085938,9.241872787475586
157,1,1000,1000,178.41336059570312,9.241872787475586
158,1,1000,1000,178.4134063720703,9.241872787475586
159,1,1000,1000,178.41336059570312,9.241872787475586
160,1,1000,1000,178.41339111328125,9.241872787475586
161,1,1000,1000,178.41336059570312,9.241872787475586
162,1,1000,1000,178.41339111328125,9.241872787475586
163,1,1000,1000,178.41339111328125,9.241872787475586
164,1,1000,1000,178.41336059570312,9.241872787475586
165,1,1000,1000,178.4133758544922,9.241872787475586
166,1,1000,1000,178.41339111328125,9.241872787475586
167,1,1000,1000,178.41339111328125,9.241872787475586
168,1,1000,1000,178.41339111328125,9.241872787475586
169,1,1000,1000,178.41339111328125,9.241872787475586
170,1,1000,1000,178.4133758544922,9.241872787475586
171,1,1000,1000,178.4133758544922,9.241872787475586
172,1,1000,1000,178.4133758544922,9.241872787475586
173,1,1000,1000,178.41336059570312,9.241872787475586
174,1,1000,1000,178.41336059570312,9.241872787475586
175,1,1000,1000,178.41336059570312,9.241872787475586
176,1,1000,1000,178.41336059570312,9.241872787475586
177,1,1000,1000,178.41336059570312,9.241872787475586
178,1,1000,1000,178.41336059570312,9.241872787475586
179,1,1000,1000,178.41336059570312,9.241872787475586
180,1,1000,1000,178.41336059570312,9.241872787475586
181,1,1000,1000,178.41336059570312,9.241872787475586
182,1,1000,1000,178.41336059570312,9.241872787475586
183,1,1000,1000,178.41334533691406,9.241872787475586
184,1,1000,1000,178.41334533691406,9.241872787475586
185,1,1000,1000,178.41334533691406,9.241872787475586
186,1,1000,1000,178.413330078125,9.241872787475586
187,1,1000,1000,178.413330078125,9.241872787475586
188,1,1000,1000,178.413330078125,9.241872787475586
189,1,1000,1000,178.413330078125,9.241872787475586
190,1,1000,1000,178.413330078125,9.241872787475586
191,1,1000,1000,178.413330078125,9.241872787475586
192,1,1000,1000,178.413330078125,9.241872787475586
193,1,1000,1000,178.41331481933594,9.241872787475586
194,1,1000,1000,178.41331481933594,9.241872787475586
195,1,1000,1000,178.41329956054688,9.241872787475586
196,1,1000,1000,178.41329956054688,9.241872787475586
197,1,1000,1000,178.41329956054688,9.241872787475586
198,1,1000,1000,178.41329956054688,9.241872787475586
199,1,1000,1000,178.41329956054688,9.241872787475586
200,1,1000,1000,178.41329956054688,9.241872787475586
201,1,1000,1000,178.41329956054688,9.241872787475586
202,1,1000,1000,178.41329956054688,9.241872787475586
203,1,1000,1000,178.41329956054688,9.241872787475586
204,1,1000,1000,178.41329956054688,9.241872787475586
205,1,1000,1000,178.4132843017578,9.241872787475586
206,1,1000,1000,178.4132843017578,9.241872787475586
207,1,1000,1000,178.4132843017578,9.241872787475586
208,1,1000,1000,178.41326904296875,9.241872787475586
209,1,1000,1000,178.41326904296875,9.241872787475586
210,1,1000,1000,178.41326904296875,9.241872787475586
211,1,1000,1000,178.41326904296875,9.241872787475586
212,1,1000,1000,178.41326904296875,9.241872787475586
213,1,1000,1000,178.41326904296875,9.241872787475586
214,1,1000,1000,178.41326904296875,9.241872787475586
215,1,1000,1000,178.4132537841797,9.241872787475586
216,1,1000,1000,178.4132537841797,9.241872787475586
217,1,1000,1000,178.4132537841797,9.241872787475586
218,1,1000,1000,178.41323852539062,9.241872787475586
219,1,1000,1000,178.41323852539062,9.241872787475586
220,1,1000,1000,178.41323852539062,9.241872787475586
221,1,1000,1000,178.41323852539062,9.241872787475586
222,1,1000,1000,178.41323852539062,9.241872787475586
223,1,1000,1000,178.41323852539062,9.241872787475586
224,1,1000,1000,178.41323852539062,9.241872787475586
225,1,1000,1000,178.41323852539062,9.241872787475586
226,1,1000,1000,178.41323852539062,9.241872787475586
227,1,1000,1000,178.41323852539062,9.241872787475586
228,1,1000,1000,178.41322326660156,9.241872787475586
1,1,1000,1000,251.1380157470703,30.0
2,1,1000,1000,258.1852722167969,29.975475311279297
3,1,1000,1000,257.6363220214844,29.92667007446289
4,1,1000,1000,256.3165283203125,29.85382843017578
5,1,1000,1000,255.19387817382812,29.757190704345703
6,1,1000,1000,254.11366271972656,29.636993408203125
7,1,1000,1000,253.03602600097656,29.493473052978516
8,1,1000,1000,251.96319580078125,29.326862335205078
9,1,1000,1000,250.8963623046875,29.137393951416016
10,1,1000,1000,249.83570861816406,28.925294876098633
11,1,1000,1000,248.781005859375,28.690792083740234
12,1,1000,1000,247.73228454589844,28.43410873413086
13,1,1000,1000,246.68954467773438,28.155467987060547
14,1,1000,1000,245.65261840820312,27.85508918762207
15,1,1000,1000,244.6216583251953,27.533187866210938
16,1,1000,1000,243.59652709960938,27.18998146057129
17,1,1000,1000,242.5771026611328,26.825681686401367
18,1,1000,1000,241.5635528564453,26.440500259399414
19,1,1000,1000,240.5557403564453,26.034645080566406
20,1,1000,1000,239.55361938476562,25.60832405090332
21,1,1000,1000,238.55712890625,25.161741256713867
22,1,1000,1000,237.5663604736328,24.695098876953125
23,1,1000,1000,236.58111572265625,24.20859718322754
24,1,1000,1000,235.60147094726562,23.702436447143555
25,1,1000,1000,234.6273956298828,23.17681121826172
26,1,1000,1000,233.65884399414062,22.63191795349121
27,1,1000,1000,232.69577026367188,22.067949295043945
28,1,1000,1000,231.7381591796875,21.48509407043457
29,1,1000,1000,230.7860107421875,20.883543014526367
30,1,1000,1000,229.8391876220703,20.26348304748535
31,1,1000,1000,228.8977813720703,19.625097274780273
32,1,1000,1000,227.96168518066406,18.968570709228516
33,1,1000,1000,227.0308837890625,18.294084548950195
34,1,1000,1000,226.1053924560547,17.601818084716797
35,1,1000,1000,225.18511962890625,16.891948699951172
36,1,1000,1000,224.2700653076172,16.164653778076172
37,1,1000,1000,223.36021423339844,15.420106887817383
38,1,1000,1000,222.45550537109375,14.658480644226074
39,1,1000,1000,221.55589294433594,13.879945755004883
40,1,1000,1000,220.66146850585938,13.084671020507812
41,1,1000,1000,219.7720184326172,12.272823333740234
42,1,1000,1000,218.88766479492188,11.44456958770752
43,1,1000,1000,218.00833129882812,10.60007381439209
44,1,1000,1000,217.1339111328125,9.739498138427734
45,1,1000,1000,216.26449584960938,8.86300277709961
46,1,1000,1000,215.84725952148438,8.57837963104248
47,1,1000,1000,215.76458740234375,8.723734855651855
48,1,1000,1000,215.80812072753906,9.022008895874023
49,1,1000,1000,215.84872436523438,9.29323959350586
50,1,1000,1000,215.88475036621094,9.536835670471191
51,1,1000,1000,215.92042541503906,9.753229141235352
52,1,1000,1000,215.95596313476562,9.942788124084473
53,1,1000,1000,215.99134826660156,10.105839729309082
54,1,1000,1000,216.02651977539062,10.242684364318848
55,1,1000,1000,216.0615234375,10.353604316711426
56,1,1000,1000,216.0963134765625,10.438871383666992
57,1,1000,1000,216.1309356689453,10.498748779296875
58,1,1000,1000,216.16531372070312,10.533495903015137
59,1,1000,1000,216.19949340820312,10.543366432189941
60,1,1000,1000,216.2334747314453,10.528611183166504
61,1,1000,1000,216.2672882080078,10.489477157592773
62,1,1000,1000,216.30088806152344,10.42620849609375
63,1,1000,1000,216.33428955078125,10.3390474319458
64,1,1000,1000,216.3675537109375,10.228232383728027
65,1,1000,1000,216.40060424804688,10.093999862670898
66,1,1000,1000,216.43344116210938,9.93658447265625
67,1,1000,1000,216.46607971191406,9.756218910217285
68,1,1000,1000,216.49856567382812,9.553131103515625
69,1,1000,1000,216.5308837890625,9.327549934387207
70,1,1000,1000,216.56300354003906,9.079699516296387
71,1,1000,1000,216.57798767089844,9.026083946228027
72,1,1000,1000,216.5801544189453,9.094587326049805
73,1,1000,1000,216.57742309570312,9.19373607635498
74,1,1000,1000,216.57479858398438,9.267500877380371
75,1,1000,1000,216.57232666015625,9.315871238708496
76,1,1000,1000,216.5698699951172,9.339153289794922
77,1,1000,1000,216.5674285888672,9.337629318237305
78,1,1000,1000,216.56500244140625,9.311566352844238
79,1,1000,1000,216.56256103515625,9.261221885681152
80,1,1000,1000,216.56143188476562,9.227009773254395
81,1,1000,1000,216.56101989746094,9.216344833374023
82,1,1000,1000,216.5609893798828,9.222284317016602
83,1,1000,1000,216.5607452392578,9.233896255493164
84,1,1000,1000,216.56048583984375,9.24317741394043
85,1,1000,1000,216.56036376953125,9.247173309326172
86,1,1000,1000,216.56036376953125,9.246768951416016
87,1,1000,1000,216.5603790283203,9.244363784790039
88,1,1000,1000,216.56039428710938,9.242046356201172
89,1,1000,1000,216.56040954589844,9.240812301635742
90,1,1000,1000,216.5603790283203,9.240670204162598
91,1,1000,1000,216.5604248046875,9.241135597229004
92,1,1000,1000,216.56036376953125,9.241698265075684
93,1,1000,1000,216.5604248046875,9.24205493927002
94,1,1000,1000,216.56036376953125,9.242152214050293
95,1,1000,1000,216.5604248046875,9.24207592010498
96,1,1000,1000,216.5604248046875,9.24194622039795
97,1,1000,1000,216.5604248046875,9.24184799194336
98,1,1000,1000,216.56028747558594,9.241809844970703
99,1,1000,1000,216.56024169921875,9.24181842803955
100,1,1000,1000,216.5602264404297,9.241847038269043
101,1,1000,1000,216.5602264404297,9.241872787475586
102,1,1000,1000,216.5602264404297,9.2418851852417
103,1,1000,1000,216.5602264404297,9.241886138916016
104,1,1000,1000,216.5602264404297,9.241880416870117
105,1,1000,1000,216.5602264404297,9.241873741149902
106,1,1000,1000,216.5602264404297,9.241869926452637
107,1,1000,1000,216.5602264404297,9.24186897277832
108,1,1000,1000,216.5602264404297,9.241869926452637
109,1,1000,1000,216.5602264404297,9.24187183380127
110,1,1000,1000,216.5602264404297,9.241872787475586
111,1,1000,1000,216.5602264404297,9.241872787475586
112,1,1000,1000,216.5602264404297,9.241872787475586
113,1,1000,1000,216.5602264404297,9.241872787475586
114,1,1000,1000,216.5602264404297,9.241872787475586
115,1,1000,1000,216.5602264404297,9.241872787475586
116,1,1000,1000,216.5602264404297,9.241872787475586
117,1,1000,1000,216.5602264404297,9.241872787475586
118,1,1000,1000,216.5602264404297,9.241872787475586
119,1,1000,1000,216.5602264404297,9.241872787475586
120,1,1000,1000,216.5602264404297,9.241872787475586
121,1,1000,1000,216.5602264404297,9.241872787475586
122,1,1000,1000,216.5602264404297,9.241872787475586
123,1,1000,1000,216.5602264404297,9.241872787475586
124,1,1000,1000,216.5602264404297,9.241872787475586
125,1,1000,1000,216.5602264404297,9.241872787475586
126,1,1000,1000,216.5602264404297,9.241872787475586
127,1,1000,1000,216.5602264404297,9.241872787475586
128,1,1000,1000,216.5602264404297,9.241872787475586
129,1,1000,1000,216.5602264404297,9.241872787475586
130,1,1000,1000,216.5602264404297,9.241872787475586
131,1,1000,1000,216.5602264404297,9.241872787475586
132,1,1000,1000,216.5602264404297,9.241872787475586
133,1,1000,1000,216.5602264404297,9.241872787475586
134,1,1000,1000,216.5602264404297,9.241872787475586
135,1,1000,1000,216.5602264404297,9.241872787475586
136,1,1000,1000,216.5602264404297,9.241872787475586
137,1,1000,1000,216.5602264404297,9.241872787475586
138,1,1000,1000,216.5602264404297,9.241872787475586
139,1,1000,1000,216.5602264404297,9.241872787475586
140,1,1000,1000,216.5602264404297,9.241872787475586
141,1,1000,1000,216.5602264404297,9.241872787475586
142,1,1000,1000,216.5602264404297,9.241872787475586
143,1,1000,1000,216.5602264404297,9.241872787475586
144,1,1000,1000,216.5602264404297,9.241872787475586
145,1,1000,1000,216.5602264404297,9.241872787475586
146,1,1000,1000,216.5602264404297,9.241872787475586
147,1,1000,1000,216.5602264404297,9.241872787475586
148,1,1000,1000,216.5602264404297,9.241872787475586
149,1,1000,1000,216.5602264404297,9.241872787475586
150,1,1000,1000,216.5602264404297,9.241872787475586
151,1,1000,1000,216.5602264404297,9.241872787475586
152,1,1000,1000,216.5602264404297,9.241872787475586
153,1,1000,1000,216.5602264404297,9.241872787475586
154,1,1000,1000,216.5602264404297,9.241872787475586
155,1,1000,1000,216.5602264404297,9.241872787475586
156,1,1000,1000,216.5602264404297,9.241872787475586
157,1,1000,1000,216.5602264404297,9.241872787475586
158,1,1000,1000,216.5602264404297,9.241872787475586
159,1,1000,1000,216.5602264404297,9.241872787475586
160,1,1000,1000,216.5602264404297,9.241872787475586
161,1,1000,1000,216.5602264404297,9.241872787475586
162,1,1000,1000,216.5602264404297,9.241872787475586
163,1,1000,1000,216.5602264404297,9.241872787475586
164,1,1000,1000,216.5602264404297,9.241872787475586
165,1,1000,1000,216.5602264404297,9.241872787475586
166,1,1000,1000,216.5602264404297,9.241872787475586
167,1,1000,1000,216.5602264404297,9.241872787475586
168,1,1000,1000,216.5602264404297,9.241872787475586
169,1,1000,1000,216.5602264404297,9.241872787475586
170,1,1000,1000,216.5602264404297,9.241872787475586
171,1,1000,1000,216.5602264404297,9.241872787475586
172,1,1000,1000,216.5602264404297,9.241872787475586
173,1,1000,1000,216.5602264404297,9.241872787475586
174,1,1000,1000,216.5602264404297,9.241872787475586
175,1,1000,1000,216.5602264404297,9.241872787475586
176,1,1000,1000,216.5602264404297,9.241872787475586
177,1,1000,1000,216.5602264404297,9.241872787475586
178,1,1000,1000,216.5602264404297,9.241872787475586
179,1,1000,1000,216.5602264404297,9.241872787475586
180,1,1000,1000,216.5602264404297,9.241872787475586
181,1,1000,1000,216.5602264404297,9.241872787475586
182,1,1000,1000,216.5602264404297,9.241872787475586
183,1,1000,1000,216.5602264404297,9.241872787475586
184,1,1000,1000,216.5602264404297,9.241872787475586
185,1,1000,1000,216.5602264404297,9.241872787475586
186,1,1000,1000,216.5602264404297,9.241872787475586
187,1,1000,1000,216.5602264404297,9.241872787475586
188,1,1000,1000,216.5602264404297,9.241872787475586
189,1,1000,1000,216.5602264404297,9.241872787475586
190,1,1000,1000,216.5602264404297,9.241872787475586
191,1,1000,1000,216.5602264404297,9.241872787475586
192,1,1000,1000,216.5602264404297,9.241872787475586
193,1,1000,1000,216.5602264404297,9.241872787475586
194,1,1000,1000,216.5602264404297,9.241872787475586
195,1,1000,1000,216.5602264404297,9.241872787475586
196,1,1000,1000,216.5602264404297,9.241872787475586
197,1,1000,1000,216.5602264404297,9.241872787475586
198,1,1000,1000,216.5602264404297,9.241872787475586
199,1,1000,1000,216.5602264404297,9.241872787475586
200,1,1000,1000,216.5602264404297,9.241872787475586
201,1,1000,1000,216.5602264404297,9.241872787475586
202,1,1000,1000,216.5602264404297,9.241872787475586
203,1,1000,1000,216.5602264404297,9.241872787475586
204,1,1000,1000,216.5602264404297,9.241872787475586
205,1,1000,1000,216.5602264404297,9.241872787475586
206,1,1000,1000,216.5602264404297,9.241872787475586
207,1,1000,1000,216.5602264404297,9.241872787475586
208,1,1000,1000,216.5602264404297,9.241872787475586
209,1,1000,1000,216.5602264404297,9.241872787475586
210,1,1000,1000,216.5602264404297,9.241872787475586
211,1,1000,1000,216.5602264404297,9.241872787475586
212,1,1000,1000,216.5602264404297,9.241872787475586
213,1,1000,1000,216.5602264404297,9.241872787475586
214,1,1000,1000,216.5602264404297,9.241872787475586
215,1,1000,1000,216.5602264404297,9.241872787475586
216,1,1000,1000,216.5602264404297,9.241872787475586
217,1,1000,1000,216.5602264404297,9.241872787475586
218,1,1000,1000,216.5602264404297,9.241872787475586
219,1,1000,1000,216.5602264404297,9.241872787475586
220,1,1000,1000,216.5602264404297,9.241872787475586
221,1,1000,1000,216.5602264404297,9.241872787475586
222,1,1000,1000,216.5602264404297,9.241872787475586
223,1,1000,1000,216.5602264404297,9.241872787475586
224,1,1000,1000,216.5602264404297,9.241872787475586
225,1,1000,1000,216.5602264404297,9.241872787475586
226,1,1000,1000,216.5602264404297,9.241872787475586
227,1,1000,1000,216.5602264404297,9.241872787475586
228,1,1000,1000,216.5602264404297,9.241872787475586
229,1,1000,1000,216.5602264404297,9.241872787475586
230,1,1000,1000,216.5602264404297,9.241872787475586
231,1,1000,1000,216.5602264404297,9.241872787475586
232,1,1000,1000,216.5602264404297,9.241872787475586
233,1,1000,1000,216.5602264404297,9.241872787475586
234,1,1000,1000,216.5602264404297,9.241872787475586
235,1,1000,1000,216.5602264404297,9.241872787475586
236,1,1000,1000,216.5602264404297,9.241872787475586
237,1,1000,1000,216.5602264404297,9.241872787475586
238,1,1000,1000,216.5602264404297,9.241872787475586
239,1,1000,1000,216.5602264404297,9.241872787475586
240,1,1000,1000,216.5602264404297,9.241872787475586
241,1,1000,1000,216.5602264404297,9.241872787475586
242,1,1000,1000,216.5602264404297,9.241872787475586
243,1,1000,1000,216.5602264404297,9.241872787475586
244,1,1000,1000,216.5602264404297,9.241872787475586
245,1,1000,1000,216.5602264404297,9.241872787475586
246,1,1000,1000,216.5602264404297,9.241872787475586
247,1,1000,1000,216.5602264404297,9.241872787475586
248,1,1000,1000,216.5602264404297,9.241872787475586
249,1,1000,1000,216.5602264404297,9.241872787475586
250,1,1000,1000,216.5602264404297,9.241872787475586
251,1,1000,1000,216.5602264404297,9.241872787475586
252,1,1000,1000,216.5602264404297,9.241872787475586
253,1,1000,1000,216.5602264404297,9.241872787475586
254,1,1000,1000,216.5602264404297,9.241872787475586
255,1,1000,1000,216.5602264404297,9.241872787475586
256,1,1000,1000,216.5602264404297,9.241872787475586
257,1,1000,1000,216.5602264404297,9.241872787475586
258,1,1000,1000,216.5602264404297,9.241872787475586
259,1,1000,1000,216.5602264404297,9.241872787475586
260,1,1000,1000,216.5602264404297,9.241872787475586
261,1,1000,1000,216.5602264404297,9.241872787475586
262,1,1000,1000,216.5602264404297,9.241872787475586
263,1,1000,1000,216.5602264404297,9.241872787475586
264,1,1000,1000,216.5602264404297,9.241872787475586
265,1,1000,1000,216.5602264404297,9.241872787475586
266,1,1000,1000,216.5602264404297,9.241872787475586
267,1,1000,1000,216.5602264404297,9.241872787475586
268,1,1000,1000,216.5602264404297,9.241872787475586
269,1,1000,1000,216.5602264404297,9.241872787475586
270,1,1000,1000,216.5602264404297,9.241872787475586
271,1,1000,1000,216.5602264404297,9.241872787475586
272,1,1000,1000,216.5602264404297,9.241872787475586
273,1,1000,1000,216.5602264404297,9.241872787475586
274,1,1000,1000,216.5602264404297,9.241872787475586
275,1,1000,1000,216.5602264404297,9.241872787475586
276,1,1000,1000,216.5602264404297,9.241872787475586
277,1,1000,1000,216.5602264404297,9.241872787475586
278,1,1000,1000,216.5602264404297,9.241872787475586
279,1,1000,1000,216.5602264404297,9.241872787475586
280,1,1000,1000,216.5602264404297,9.241872787475586
281,1,1000,1000,216.5602264404297,9.241872787475586
282,1,1000,1000,216.5602264404297,9.241872787475586
283,1,1000,1000,216.5602264404297,9.241872787475586
284,1,1000,1000,216.5602264404297,9.241872787475586
285,1,1000,1000,216.5602264404297,9.241872787475586
286,1,1000,1000,216.5602264404297,9.241872787475586
287,1,1000,1000,216.5602264404297,9.241872787475586
288,1,1000,1000,216.5602264404297,9.241872787475586
289,1,1000,1000,216.5602264404297,9.241872787475586
290,1,1000,1000,216.5602264404297,9.241872787475586
291,1,1000,1000,216.5602264404297,9.241872787475586
292,1,1000,1000,216.5602264404297,9.241872787475586
293,1,1000,1000,216.5602264404297,9.241872787475586
294,1,1000,1000,216.5602264404297,9.241872787475586
295,1,1000,1000,216.5602264404297,9.241872787475586
296,1,1000,1000,216.5602264404297,9.241872787475586
297,1,1000,1000,216.5602264404297,9.241872787475586
298,1,1000,1000,216.5602264404297,9.241872787475586
299,1,1000,1000,216.5602264404297,9.241872787475586
300,1,1000,1000,216.5602264404297,9.241872787475586
301,1,1000,1000,216.5602264404297,9.241872787475586
302,1,1000,1000,216.5602264404297,9.241872787475586
303,1,1000,1000,216.5602264404297,9.241872787475586
304,1,1000,1000,216.5602264404297,9.241872787475586
305,1,1000,1000,216.5602264404297,9.241872787475586
306,1,1000,1000,216.5602264404297,9.241872787475586
307,1,1000,1000,216.5602264404297,9.241872787475586
308,1,1000,1000,216.5602264404297,9.241872787475586
309,1,1000,1000,216.5602264404297,9.241872787475586
310,1,1000,1000,216.5602264404297,9.241872787475586
311,1,1000,1000,216.5602264404297,9.241872787475586
312,1,1000,1000,216.5602264404297,9.241872787475586
313,1,1000,1000,216.5602264404297,9.241872787475586
314,1,1000,1000,216.5602264404297,9.241872787475586
315,1,1000,1000,216.5602264404297,9.241872787475586
316,1,1000,1000,216.5602264404297,9.241872787475586
317,1,1000,1000,216.5602264404297,9.241872787475586
318,1,1000,1000,216.5602264404297,9.241872787475586
319,1,1000,1000,216.5602264404297,9.241872787475586
320,1,1000,1000,216.5602264404297,9.241872787475586
321,1,1000,1000,216.5602264404297,9.241872787475586
322,1,1000,1000,216.5602264404297,9.241872787475586
323,1,1000,1000,216.5602264404297,9.241872787475586
324,1,1000,1000,216.5602264404297,9.241872787475586
325,1,1000,1000,216.5602264404297,9.241872787475586
326,1,1000,1000,216.5602264404297,9.241872787475586
327,1,1000,1000,216.5602264404297,9.241872787475586
328,1,1000,1000,216.5602264404297,9.241872787475586
329,1,1000,1000,216.5602264404297,9.241872787475586
330,1,1000,1000,216.5602264404297,9.241872787475586
331,1,1000,1000,216.5602264404297,9.241872787475586
332,1,1000,1000,216.5602264404297,9.241872787475586
333,1,1000,1000,216.5602264404297,9.241872787475586
334,1,1000,1000,216.5602264404297,9.241872787475586
335,1,1000,1000,216.5602264404297,9.241872787475586
336,1,1000,1000,216.5602264404297,9.241872787475586
337,1,1000,1000,216.5602264404297,9.241872787475586
338,1,1000,1000,216.5602264404297,9.241872787475586
339,1,1000,1000,216.5602264404297,9.241872787475586
340,1,1000,1000,216.5602264404297,9.241872787475586
341,1,1000,1000,216.5602264404297,9.241872787475586
342,1,1000,1000,216.5602264404297,9.241872787475586
343,1,1000,1000,216.5602264404297,9.241872787475586
344,1,1000,1000,216.5602264404297,9.241872787475586
345,1,1000,1000,216.5602264404297,9.241872787475586
346,1,1000,1000,216.5602264404297,9.241872787475586
347,1,1000,1000,216.5602264404297,9.241872787475586
348,1,1000,1000,216.5602264404297,9.241872787475586
349,1,1000,1000,216.5602264404297,9.241872787475586
350,1,1000,1000,216.5602264404297,9.241872787475586
351,1,1000,1000,216.5602264404297,9.241872787475586
352,1,1000,1000,216.5602264404297,9.241872787475586
353,1,1000,1000,216.5602264404297,9.241872787475586
354,1,1000,1000,216.5602264404297,9.241872787475586
355,1,1000,1000,216.5602264404297,9.241872787475586
356,1,1000,1000,216.5602264404297,9.241872787475586
357,1,1000,1000,216.5602264404297,9.241872787475586
358,1,1000,1000,216.5602264404297,9.241872787475586
359,1,1000,1000,216.5602264404297,9.241872787475586
360,1,1000,1000,216.5602264404297,9.241872787475586
361,1,1000,1000,216.5602264404297,9.241872787475586
362,1,1000,1000,216.5602264404297,9.241872787475586
363,1,1000,1000,216.5602264404297,9.241872787475586
364,1,1000,1000,216.5602264404297,9.241872787475586
365,1,1000,1000,216.5602264404297,9.241872787475586
366,1,1000,1000,216.5602264404297,9.241872787475586
367,1,1000,1000,216.5602264404297,9.241872787475586
368,1,1000,1000,216.5602264404297,9.241872787475586
369,1,1000,1000,216.5602264404297,9.241872787475586
370,1,1000,1000,216.5602264404297,9.241872787475586
371,1,1000,1000,216.5602264404297,9.241872787475586
372,1,1000,1000,216.5602264404297,9.241872787475586
373,1,1000,1000,216.5602264404297,9.241872787475586
374,1,1000,1000,216.5602264404297,9.241872787475586
375,1,1000,1000,216.5602264404297,9.241872787475586
376,1,1000,1000,216.5602264404297,9.241872787475586
377,1,1000,1000,216.5602264404297,9.241872787475586
378,1,1000,1000,216.5602264404297,9.241872787475586
379,1,1000,1000,216.5602264404297,9.241872787475586
380,1,1000,1000,216.5602264404297,9.241872787475586
381,1,1000,1000,216.5602264404297,9.241872787475586
382,1,1000,1000,216.5602264404297,9.241872787475586
383,1,1000,1000,216.5602264404297,9.241872787475586
384,1,1000,1000,216.5602264404297,9.241872787475586
385,1,1000,1000,216.5602264404297,9.241872787475586
386,1,1000,1000,216.5602264404297,9.241872787475586
387,1,1000,1000,216.5602264404297,9.241872787475586
388,1,1000,1000,216.5602264404297,9.241872787475586
389,1,1000,1000,216.5602264404297,9.241872787475586
390,1,1000,1000,216.5602264404297,9.241872787475586
391,1,1000,1000,216.5602264404297,9.241872787475586
392,1,1000,1000,216.5602264404297,9.241872787475586
393,1,1000,1000,216.5602264404297,9.241872787475586
394,1,1000,1000,216.5602264404297,9.241872787475586
395,1,1000,1000,216.5602264404297,9.241872787475586
396,1,1000,1000,216.5602264404297,9.241872787475586
397,1,1000,1000,216.5602264404297,9.241872787475586
398,1,1000,1000,216.5602264404297,9.241872787475586
399,1,1000,1000,216.5602264404297,9.241872787475586
400,1,1000,1000,216.5602264404297,9.241872787475586
401,1,1000,1000,216.5602264404297,9.241872787475586
402,1,1000,1000,216.5602264404297,9.241872787475586
403,1,1000,1000,216.5602264404297,9.241872787475586
404,1,1000,1000,216.5602264404297,9.241872787475586
405,1,1000,1000,216.5602264404297,9.241872787475586
406,1,1000,1000,216.5602264404297,9.241872787475586
407,1,1000,1000,216.5602264404297,9.241872787475586
408,1,1000,1000,216.5602264404297,9.241872787475586
409,1,1000,1000,216.5602264404297,9.241872787475586
410,1,1000,1000,216.5602264404297,9.241872787475586
411,1,1000,1000,216.5602264404297,9.241872787475586
412,1,1000,1000,216.5602264404297,9.241872787475586
413,1,1000,1000,216.5602264404297,9.241872787475586
414,1,1000,1000,216.5602264404297,9.241872787475586
415,1,1000,1000,216.5602264404297,9.241872787475586
416,1,1000,1000,216.5602264404297,9.241872787475586
417,1,1000,1000,216.5602264404297,9.241872787475586
418,1,1000,1000,216.5602264404297,9.241872787475586
419,1,1000,1000,216.5602264404297,9.241872787475586
420,1,1000,1000,216.5602264404297,9.241872787475586
421,1,1000,1000,216.5602264404297,9.241872787475586
422,1,1000,1000,216.5602264404297,9.241872787475586
423,1,1000,1000,216.5602264404297,9.241872787475586
424,1,1000,1000,216.5602264404297,9.241872787475586
425,1,1000,1000,216.5602264404297,9.241872787475586
426,1,1000,1000,216.5602264404297,9.241872787475586
427,1,1000,1000,216.5602264404297,9.241872787475586
428,1,1000,1000,216.5602264404297,9.241872787475586
429,1,1000,1000,216.5602264404297,9.241872787475586
430,1,1000,1000,216.5602264404297,9.241872787475586
431,1,1000,1000,216.5602264404297,9.241872787475586
432,1,1000,1000,216.5602264404297,9.241872787475586
433,1,1000,1000,216.5602264404297,9.241872787475586
434,1,1000,1000,216.5602264404297,9.241872787475586
435,1,1000,1000,216.5602264404297,9.241872787475586
436,1,1000,1000,216.5602264404297,9.241872787475586
437,1,1000,1000,216.5602264404297,9.241872787475586
438,1,1000,1000,216.5602264404297,9.241872787475586
439,1,1000,1000,216.5602264404297,9.241872787475586
440,1,1000,1000,216.5602264404297,9.241872787475586
441,1,1000,1000,216.5602264404297,9.241872787475586
442,1,1000,1000,216.5602264404297,9.241872787475586
443,1,1000,1000,216.5602264404297,9.241872787475586
444,1,1000,1000,216.5602264404297,9.241872787475586
445,1,1000,1000,216.5602264404297,9.241872787475586
446,1,1000,1000,216.5602264404297,9.241872787475586
447,1,1000,1000,216.5602264404297,9.241872787475586
448,1,1000,1000,216.5602264404297,9.241872787475586
449,1,1000,1000,216.5602264404297,9.241872787475586
450,1,1000,1000,216.5602264404297,9.241872787475586
451,1,1000,1000,216.5602264404297,9.241872787475586
452,1,1000,1000,216.5602264404297,9.241872787475586
453,1,1000,1000,216.5602264404297,9.241872787475586
454,1,1000,1000,216.5602264404297,9.241872787475586
455,1,1000,1000,216.5602264404297,9.241872787475586
456,1,1000,1000,216.5602264404297,9.241872787475586
457,1,1000,1000,216.5602264404297,9.241872787475586
458,1,1000,1000,216.5602264404297,9.241872787475586
459,1,1000,1000,216.5602264404297,9.241872787475586
460,1,1000,1000,216.5602264404297,9.241872787475586
461,1,1000,1000,216.5602264404297,9.241872787475586
462,1,1000,1000,216.5602264404297,9.241872787475586
463,1,1000,1000,216.5602264404297,9.241872787475586
464,1,1000,1000,216.5602264404297,9.241872787475586
465,1,1000,1000,216.5602264404297,9.241872787475586
466,1,1000,1000,216.5602264404297,9.241872787475586
467,1,1000,1000,216.5602264404297,9.241872787475586
468,1,1000,1000,216.5602264404297,9.241872787475586
469,1,1000,1000,216.5602264404297,9.241872787475586
470,1,1000,1000,216.5602264404297,9.241872787475586
471,1,1000,1000,216.5602264404297,9.241872787475586
472,1,1000,1000,216.5602264404297,9.241872787475586
473,1,1000,1000,216.5602264404297,9.241872787475586
474,1,1000,1000,216.5602264404297,9.241872787475586
475,1,1000,1000,216.5602264404297,9.241872787475586
476,1,1000,1000,216.5602264404297,9.241872787475586
477,1,1000,1000,216.5602264404297,9.241872787475586
478,1,1000,1000,216.5602264404297,9.241872787475586
479,1,1000,1000,216.5602264404297,9.241872787475586
480,1,1000,1000,216.5602264404297,9.241872787475586
481,1,1000,1000,216.5602264404297,9.241872787475586
482,1,1000,1000,216.5602264404297,9.241872787475586
483,1,1000,1000,216.5602264404297,9.241872787475586
484,1,1000,1000,216.5602264404297,9.241872787475586
485,1,1000,1000,216.5602264404297,9.241872787475586
486,1,1000,1000,216.5602264404297,9.241872787475586
487,1,1000,1000,216.5602264404297,9.241872787475586
488,1,1000,1000,216.5602264404297,9.241872787475586
489,1,1000,1000,216.5602264404297,9.241872787475586
490,1,1000,1000,216.5602264404297,9.241872787475586
491,1,1000,1000,216.5602264404297,9.241872787475586
492,1,1000,1000,216.5602264404297,9.241872787475586
493,1,1000,1000,216.5602264404297,9.241872787475586
494,1,1000,1000,216.5602264404297,9.241872787475586
495,1,1000,1000,216.5602264404297,9.241872787475586
496,1,1000,1000,216.5602264404297,9.241872787475586
497,1,1000,1000,216.5602264404297,9.241872787475586
498,1,1000,1000,216.5602264404297,9.241872787475586
499,1,1000,1000,216.5602264404297,9.241872787475586
500,1,1000,1000,216.5602264404297,9.241872787475586
501,1,1000,1000,216.5602264404297,9.241872787475586
502,1,1000,1000,216.5602264404297,9.241872787475586
503,1,1000,1000,216.5602264404297,9.241872787475586
504,1,1000,1000,216.5602264404297,9.241872787475586
505,1,1000,1000,216.5602264404297,9.241872787475586
506,1,1000,1000,216.5602264404297,9.241872787475586
507,1,1000,1000,216.5602264404297,9.241872787475586
508,1,1000,1000,216.5602264404297,9.241872787475586
509,1,1000,1000,216.5602264404297,9.241872787475586
510,1,1000,1000,216.5602264404297,9.241872787475586
511,1,1000,1000,216.5602264404297,9.241872787475586
512,1,1000,1000,216.5602264404297,9.241872787475586
513,1,1000,1000,216.5602264404297,9.241872787475586
514,1,1000,1000,216.5602264404297,9.241872787475586
515,1,1000,1000,216.5602264404297,9.241872787475586
516,1,1000,1000,216.5602264404297,9.241872787475586
517,1,1000,1000,216.5602264404297,9.241872787475586
518,1,1000,1000,216.5602264404297,9.241872787475586
1,1,1000,1000,229.36563110351562,30.0
2,1,1000,1000,235.05532836914062,29.975475311279297
3,1,1000,1000,234.38900756835938,29.92667007446289
4,1,1000,1000,233.07626342773438,29.85382843017578
5,1,1000,1000,231.92442321777344,29.757190704345703
6,1,1000,1000,230.8079071044922,29.636993408203125
7,1,1000,1000,229.69491577148438,29.493473052978516
8,1,1000,1000,228.58714294433594,29.326862335205078
9,1,1000,1000,227.4857177734375,29.137393951416016
10,1,1000,1000,226.39056396484375,28.925294876098633
11,1,1000,1000,225.30157470703125,28.690792083740234
12,1,1000,1000,224.21878051757812,28.43410873413086
13,1,1000,1000,223.14212036132812,28.155467987060547
14,1,1000,1000,222.07154846191406,27.85508918762207
15,1,1000,1000,221.007080078125,27.533187866210938
16,1,1000,1000,219.94863891601562,27.18998146057129
17,1,1000,1000,218.89622497558594,26.825681686401367
18,1,1000,1000,217.84970092773438,26.440500259399414
19,1,1000,1000,216.80906677246094,26.034645080566406
20,1,1000,1000,215.77439880371094,25.60832405090332
21,1,1000,1000,214.74559020996094,25.161741256713867
22,1,1000,1000,213.72259521484375,24.695098876953125
23,1,1000,1000,212.70535278320312,24.20859718322754
24,1,1000,1000,211.69390869140625,23.702436447143555
25,1,1000,1000,210.68821716308594,23.17681121826172
26,1,1000,1000,209.68821716308594,22.63191795349121
27,1,1000,1000,208.69383239746094,22.067949295043945
28,1,1000,1000,207.70506286621094,21.48509407043457
29,1,1000,1000,206.7220001220703,20.883543014526367
30,1,1000,1000,205.7445068359375,20.26348304748535
31,1,1000,1000,204.77249145507812,19.625097274780273
32,1,1000,1000,203.80599975585938,18.968570709228516
33,1,1000,1000,202.844970703125,18.294084548950195
34,1,1000,1000,201.889404296875,17.601818084716797
35,1,1000,1000,200.9391632080078,16.891948699951172
36,1,1000,1000,199.99441528320312,16.164653778076172
37,1,1000,1000,199.05502319335938,15.420106887817383
38,1,1000,1000,198.1208953857422,14.658480644226074
39,1,1000,1000,197.19210815429688,13.879945755004883
40,1,1000,1000,196.26852416992188,13.084671020507812
41,1,1000,1000,195.35025024414062,12.272823333740234
42,1,1000,1000,194.43711853027344,11.44456958770752
43,1,1000,1000,193.52914428710938,10.60007381439209
44,1,1000,1000,192.62632751464844,9.739498138427734
45,1,1000,1000,191.72869873046875,8.86300277709961
46,1,1000,1000,191.29641723632812,8.57837963104248
47,1,1000,1000,191.21044921875,8.723735809326172
48,1,1000,1000,191.2552032470703,9.022010803222656
49,1,1000,1000,191.29693603515625,9.293242454528809
50,1,1000,1000,191.33399963378906,9.536839485168457
51,1,1000,1000,191.37054443359375,9.753233909606934
52,1,1000,1000,191.40707397460938,9.942793846130371
53,1,1000,1000,191.44342041015625,10.105846405029297
54,1,1000,1000,191.47955322265625,10.242691040039062
55,1,1000,1000,191.5154571533203,10.35361099243164
56,1,1000,1000,191.5511474609375,10.438878059387207
57,1,1000,1000,191.58663940429688,10.498756408691406
58,1,1000,1000,191.62196350097656,10.533504486083984
59,1,1000,1000,191.65707397460938,10.543375968933105
60,1,1000,1000,191.6919403076172,10.528621673583984
61,1,1000,1000,191.72669982910156,10.48948860168457
62,1,1000,1000,191.76123046875,10.426220893859863
63,1,1000,1000,191.79556274414062,10.339059829711914
64,1,1000,1000,191.8297119140625,10.228245735168457
65,1,1000,1000,191.86363220214844,10.094014167785645
66,1,1000,1000,191.8973846435547,9.936599731445312
67,1,1000,1000,191.93092346191406,9.756234169006348
68,1,1000,1000,191.9642791748047,9.553147315979004
69,1,1000,1000,191.9974822998047,9.327566146850586
70,1,1000,1000,192.03048706054688,9.079715728759766
71,1,1000,1000,192.0457763671875,9.026091575622559
72,1,1000,1000,192.04794311523438,9.094587326049805
73,1,1000,1000,192.0449981689453,9.193731307983398
74,1,1000,1000,192.04214477539062,9.267492294311523
75,1,1000,1000,192.03945922851562,9.315858840942383
76,1,1000,1000,192.03683471679688,9.339136123657227
77,1,1000,1000,192.03414916992188,9.337607383728027
78,1,1000,1000,192.031494140625,9.311540603637695
79,1,1000,1000,192.02883911132812,9.261192321777344
80,1,1000,1000,192.02749633789062,9.227002143859863
81,1,1000,1000,192.02703857421875,9.216351509094238
82,1,1000,1000,192.02688598632812,9.222295761108398
83,1,1000,1000,192.0267333984375,9.233904838562012
84,1,1000,1000,192.026611328125,9.243181228637695
85,1,1000,1000,192.02639770507812,9.247173309326172
86,1,1000,1000,192.0262451171875,9.246767044067383
87,1,1000,1000,192.02627563476562,9.244361877441406
88,1,1000,1000,192.026123046875,9.242045402526855
89,1,1000,1000,192.0262908935547,9.240812301635742
90,1,1000,1000,192.02627563476562,9.240671157836914
91,1,1000,1000,192.02627563476562,9.24113655090332
92,1,1000,1000,192.02627563476562,9.241698265075684
93,1,1000,1000,192.0262908935547,9.24205493927002
94,1,1000,1000,192.02630615234375,9.242152214050293
95,1,1000,1000,192.02630615234375,9.24207592010498
96,1,1000,1000,192.02630615234375,9.24194622039795
97,1,1000,1000,192.0262908935547,9.24184799194336
98,1,1000,1000,192.0262908935547,9.241809844970703
99,1,1000,1000,192.0262908935547,9.24181842803955
100,1,1000,1000,192.02627563476562,9.241847038269043
101,1,1000,1000,192.02627563476562,9.241872787475586
102,1,1000,1000,192.02627563476562,9.2418851852417
103,1,1000,1000,192.02627563476562,9.241886138916016
104,1,1000,1000,192.02627563476562,9.241880416870117
105,1,1000,1000,192.02626037597656,9.241873741149902
106,1,1000,1000,192.02626037597656,9.241869926452637
107,1,1000,1000,192.0262451171875,9.24186897277832
108,1,1000,1000,192.0262451171875,9.241869926452637
109,1,1000,1000,192.0262451171875,9.24187183380127
110,1,1000,1000,192.0262451171875,9.241872787475586
111,1,1000,1000,192.0262451171875,9.241872787475586
112,1,1000,1000,192.0262451171875,9.241872787475586
113,1,1000,1000,192.0262451171875,9.241872787475586
114,1,1000,1000,192.02622985839844,9.241872787475586
115,1,1000,1000,192.02622985839844,9.241872787475586
116,1,1000,1000,192.02621459960938,9.241872787475586
117,1,1000,1000,192.02621459960938,9.241872787475586
118,1,1000,1000,192.02621459960938,9.241872787475586
119,1,1000,1000,192.02621459960938,9.241872787475586
120,1,1000,1000,192.02621459960938,9.241872787475586
121,1,1000,1000,192.02621459960938,9.241872787475586
122,1,1000,1000,192.02621459960938,9.241872787475586
123,1,1000,1000,192.02621459960938,9.241872787475586
124,1,1000,1000,192.0261993408203,9.241872787475586
125,1,1000,1000,192.02618408203125,9.241872787475586
126,1,1000,1000,192.02639770507812,9.241872787475586
127,1,1000,1000,192.02626037597656,9.241872787475586
128,1,1000,1000,192.02621459960938,9.241872787475586
129,1,1000,1000,192.02618408203125,9.241872787475586
130,1,1000,1000,192.02639770507812,9.241872787475586
131,1,1000,1000,192.0262451171875,9.241872787475586
132,1,1000,1000,192.02621459960938,9.241872787475586
133,1,1000,1000,192.02618408203125,9.241872787475586
134,1,1000,1000,192.02638244628906,9.241872787475586
135,1,1000,1000,192.0262451171875,9.241872787475586
136,1,1000,1000,192.0261993408203,9.241872787475586
137,1,1000,1000,192.0261688232422,9.241872787475586
138,1,1000,1000,192.0263671875,9.241872787475586
139,1,1000,1000,192.0262908935547,9.241872787475586
140,1,1000,1000,192.0262451171875,9.241872787475586
141,1,1000,1000,192.02621459960938,9.241872787475586
142,1,1000,1000,192.0261993408203,9.241872787475586
143,1,1000,1000,192.02639770507812,9.241872787475586
144,1,1000,1000,192.02626037597656,9.241872787475586
145,1,1000,1000,192.02621459960938,9.241872787475586
146,1,1000,1000,192.02618408203125,9.241872787475586
147,1,1000,1000,192.02639770507812,9.241872787475586
148,1,1000,1000,192.0262451171875,9.241872787475586
149,1,1000,1000,192.0261993408203,9.241872787475586
150,1,1000,1000,192.02627563476562,9.241872787475586
151,1,1000,1000,192.02622985839844,9.241872787475586
152,1,1000,1000,192.02618408203125,9.241872787475586
153,1,1000,1000,192.02627563476562,9.241872787475586
154,1,1000,1000,192.02621459960938,9.241872787475586
155,1,1000,1000,192.02618408203125,9.241872787475586
156,1,1000,1000,192.02635192871094,9.241872787475586
157,1,1000,1000,192.0262451171875,9.241872787475586
158,1,1000,1000,192.0261688232422,9.241872787475586
159,1,1000,1000,192.02635192871094,9.241872787475586
160,1,1000,1000,192.02621459960938,9.241872787475586
161,1,1000,1000,192.02615356445312,9.241872787475586
162,1,1000,1000,192.02633666992188,9.241872787475586
163,1,1000,1000,192.02621459960938,9.241872787475586
164,1,1000,1000,192.02615356445312,9.241872787475586
165,1,1000,1000,192.02630615234375,9.241872787475586
166,1,1000,1000,192.0261993408203,9.241872787475586
167,1,1000,1000,192.026123046875,9.241872787475586
168,1,1000,1000,192.02630615234375,9.241872787475586
169,1,1000,1000,192.02618408203125,9.241872787475586
170,1,1000,1000,192.0263214111328,9.241872787475586
171,1,1000,1000,192.02618408203125,9.241872787475586
172,1,1000,1000,192.02630615234375,9.241872787475586
173,1,1000,1000,192.0261688232422,9.241872787475586
174,1,1000,1000,192.02630615234375,9.241872787475586
175,1,1000,1000,192.02615356445312,9.241872787475586
176,1,1000,1000,192.0262908935547,9.241872787475586
177,1,1000,1000,192.02615356445312,9.241872787475586
178,1,1000,1000,192.0262908935547,9.241872787475586
179,1,1000,1000,192.02613830566406,9.241872787475586
180,1,1000,1000,192.02627563476562,9.241872787475586
181,1,1000,1000,192.026123046875,9.241872787475586
182,1,1000,1000,192.02626037597656,9.241872787475586
183,1,1000,1000,192.026123046875,9.241872787475586
184,1,1000,1000,192.02627563476562,9.241872787475586
185,1,1000,1000,192.02615356445312,9.241872787475586
186,1,1000,1000,192.0262908935547,9.241872787475586
187,1,1000,1000,192.02615356445312,9.241872787475586
188,1,1000,1000,192.02627563476562,9.241872787475586
189,1,1000,1000,192.02613830566406,9.241872787475586
190,1,1000,1000,192.02627563476562,9.241872787475586
191,1,1000,1000,192.026123046875,9.241872787475586
192,1,1000,1000,192.02626037597656,9.241872787475586
193,1,1000,1000,192.026123046875,9.241872787475586
194,1,1000,1000,192.02627563476562,9.241872787475586
195,1,1000,1000,192.02615356445312,9.241872787475586
196,1,1000,1000,192.0262908935547,9.241872787475586
197,1,1000,1000,192.02615356445312,9.241872787475586
198,1,1000,1000,192.02627563476562,9.241872787475586
199,1,1000,1000,192.026123046875,9.241872787475586
200,1,1000,1000,192.02627563476562,9.241872787475586
201,1,1000,1000,192.026123046875,9.241872787475586
202,1,1000,1000,192.0262451171875,9.241872787475586
203,1,1000,1000,192.02610778808594,9.241872787475586
204,1,1000,1000,192.02627563476562,9.241872787475586
205,1,1000,1000,192.02615356445312,9.241872787475586
206,1,1000,1000,192.02627563476562,9.241872787475586
207,1,1000,1000,192.02613830566406,9.241872787475586
208,1,1000,1000,192.02627563476562,9.241872787475586
209,1,1000,1000,192.026123046875,9.241872787475586
210,1,1000,1000,192.02626037597656,9.241872787475586
211,1,1000,1000,192.026123046875,9.241872787475586
212,1,1000,1000,192.02627563476562,9.241872787475586
213,1,1000,1000,192.02615356445312,9.241872787475586
214,1,1000,1000,192.0262908935547,9.241872787475586
215,1,1000,1000,192.02615356445312,9.241872787475586
216,1,1000,1000,192.02627563476562,9.241872787475586
217,1,1000,1000,192.02613830566406,9.241872787475586
218,1,1000,1000,192.02627563476562,9.241872787475586
219,1,1000,1000,192.026123046875,9.241872787475586
220,1,1000,1000,192.02626037597656,9.241872787475586
221,1,1000,1000,192.02610778808594,9.241872787475586
222,1,1000,1000,192.02627563476562,9.241872787475586
223,1,1000,1000,192.02615356445312,9.241872787475586
224,1,1000,1000,192.0262908935547,9.241872787475586
225,1,1000,1000,192.02615356445312,9.241872787475586
226,1,1000,1000,192.02627563476562,9.241872787475586
227,1,1000,1000,192.026123046875,9.241872787475586
228,1,1000,1000,192.02627563476562,9.241872787475586
229,1,1000,1000,192.026123046875,9.241872787475586
230,1,1000,1000,192.0262451171875,9.241872787475586
231,1,1000,1000,192.02610778808594,9.241872787475586
232,1,1000,1000,192.02630615234375,9.241872787475586
233,1,1000,1000,192.02618408203125,9.241872787475586
234,1,1000,1000,192.02633666992188,9.241872787475586
235,1,1000,1000,192.02618408203125,9.241872787475586
236,1,1000,1000,192.02630615234375,9.241872787475586
237,1,1000,1000,192.02618408203125,9.241872787475586
238,1,1000,1000,192.02630615234375,9.241872787475586
239,1,1000,1000,192.02615356445312,9.241872787475586
240,1,1000,1000,192.0262908935547,9.241872787475586
241,1,1000,1000,192.02615356445312,9.241872787475586
242,1,1000,1000,192.0262908935547,9.241872787475586
243,1,1000,1000,192.02615356445312,9.241872787475586
244,1,1000,1000,192.02627563476562,9.241872787475586
245,1,1000,1000,192.026123046875,9.241872787475586
246,1,1000,1000,192.0262908935547,9.241872787475586
247,1,1000,1000,192.02615356445312,9.241872787475586
248,1,1000,1000,192.02630615234375,9.241872787475586
249,1,1000,1000,192.02615356445312,9.241872787475586
250,1,1000,1000,192.0262908935547,9.241872787475586
251,1,1000,1000,192.02615356445312,9.241872787475586
252,1,1000,1000,192.02627563476562,9.241872787475586
253,1,1000,1000,192.02613830566406,9.241872787475586
254,1,1000,1000,192.02627563476562,9.241872787475586
255,1,1000,1000,192.026123046875,9.241872787475586
256,1,1000,1000,192.0262908935547,9.241872787475586
257,1,1000,1000,192.02615356445312,9.241872787475586
258,1,1000,1000,192.02630615234375,9.241872787475586
259,1,1000,1000,192.02615356445312,9.241872787475586
260,1,1000,1000,192.0262908935547,9.241872787475586
261,1,1000,1000,192.02615356445312,9.241872787475586
262,1,1000,1000,192.02627563476562,9.241872787475586
263,1,1000,1000,192.02613830566406,9.241872787475586
264,1,1000,1000,192.02627563476562,9.241872787475586
265,1,1000,1000,192.026123046875,9.241872787475586
266,1,1000,1000,192.02630615234375,9.241872787475586
267,1,1000,1000,192.02618408203125,9.241872787475586
268,1,1000,1000,192.02633666992188,9.241872787475586
269,1,1000,1000,192.0261993408203,9.241872787475586
270,1,1000,1000,192.026123046875,9.241872787475586
271,1,1000,1000,192.02635192871094,9.241872787475586
272,1,1000,1000,192.0262451171875,9.241872787475586
273,1,1000,1000,192.0261993408203,9.241872787475586
274,1,1000,1000,192.0263671875,9.241872787475586
275,1,1000,1000,192.0262451171875,9.241872787475586
276,1,1000,1000,192.02618408203125,9.241872787475586
277,1,1000,1000,192.02635192871094,9.241872787475586
278,1,1000,1000,192.0262451171875,9.241872787475586
279,1,1000,1000,192.0261688232422,9.241872787475586
280,1,1000,1000,192.02633666992188,9.241872787475586
281,1,1000,1000,192.02621459960938,9.241872787475586
282,1,1000,1000,192.02615356445312,9.241872787475586
283,1,1000,1000,192.02633666992188,9.241872787475586
284,1,1000,1000,192.02621459960938,9.241872787475586
285,1,1000,1000,192.02613830566406,9.241872787475586
286,1,1000,1000,192.02630615234375,9.241872787475586
287,1,1000,1000,192.02618408203125,9.241872787475586
288,1,1000,1000,192.02621459960938,9.241872787475586
289,1,1000,1000,192.02622985839844,9.241872787475586
290,1,1000,1000,192.0262451171875,9.241872787475586
291,1,1000,1000,192.02613830566406,9.241872787475586
292,1,1000,1000,192.0262908935547,9.241872787475586
293,1,1000,1000,192.02615356445312,9.241872787475586
294,1,1000,1000,192.02630615234375,9.241872787475586
295,1,1000,1000,192.02615356445312,9.241872787475586
296,1,1000,1000,192.0262908935547,9.241872787475586
297,1,1000,1000,192.02615356445312,9.241872787475586
298,1,1000,1000,192.02627563476562,9.241872787475586
299,1,1000,1000,192.02613830566406,9.241872787475586
300,1,1000,1000,192.02627563476562,9.241872787475586
301,1,1000,1000,192.026123046875,9.241872787475586
302,1,1000,1000,192.0263214111328,9.241872787475586
303,1,1000,1000,192.0261993408203,9.241872787475586
304,1,1000,1000,192.02613830566406,9.241872787475586
305,1,1000,1000,192.02630615234375,9.241872787475586
306,1,1000,1000,192.02618408203125,9.241872787475586
307,1,1000,1000,192.02633666992188,9.241872787475586
308,1,1000,1000,192.02618408203125,9.241872787475586
309,1,1000,1000,192.02630615234375,9.241872787475586
310,1,1000,1000,192.02618408203125,9.241872787475586
311,1,1000,1000,192.02630615234375,9.241872787475586
312,1,1000,1000,192.02615356445312,9.241872787475586
313,1,1000,1000,192.0262908935547,9.241872787475586
314,1,1000,1000,192.02615356445312,9.241872787475586
315,1,1000,1000,192.0262908935547,9.241872787475586
316,1,1000,1000,192.02615356445312,9.241872787475586
317,1,1000,1000,192.02627563476562,9.241872787475586
318,1,1000,1000,192.026123046875,9.241872787475586
319,1,1000,1000,192.02626037597656,9.241872787475586
320,1,1000,1000,192.026123046875,9.241872787475586
321,1,1000,1000,192.0262451171875,9.241872787475586
322,1,1000,1000,192.02610778808594,9.241872787475586
323,1,1000,1000,192.02630615234375,9.241872787475586
324,1,1000,1000,192.02618408203125,9.241872787475586
325,1,1000,1000,192.0263214111328,9.241872787475586
326,1,1000,1000,192.02618408203125,9.241872787475586
327,1,1000,1000,192.02630615234375,9.241872787475586
328,1,1000,1000,192.0261688232422,9.241872787475586
329,1,1000,1000,192.02630615234375,9.241872787475586
330,1,1000,1000,192.02615356445312,9.241872787475586
331,1,1000,1000,192.0262908935547,9.241872787475586
332,1,1000,1000,192.02615356445312,9.241872787475586
333,1,1000,1000,192.0262908935547,9.241872787475586
334,1,1000,1000,192.02615356445312,9.241872787475586
335,1,1000,1000,192.02627563476562,9.241872787475586
336,1,1000,1000,192.026123046875,9.241872787475586
337,1,1000,1000,192.0262908935547,9.241872787475586
338,1,1000,1000,192.02615356445312,9.241872787475586
339,1,1000,1000,192.02630615234375,9.241872787475586
340,1,1000,1000,192.02615356445312,9.241872787475586
341,1,1000,1000,192.0262908935547,9.241872787475586
342,1,1000,1000,192.02615356445312,9.241872787475586
343,1,1000,1000,192.02627563476562,9.241872787475586
344,1,1000,1000,192.02613830566406,9.241872787475586
345,1,1000,1000,192.02627563476562,9.241872787475586
346,1,1000,1000,192.026123046875,9.241872787475586
347,1,1000,1000,192.0262908935547,9.241872787475586
348,1,1000,1000,192.02615356445312,9.241872787475586
349,1,1000,1000,192.02630615234375,9.241872787475586
350,1,1000,1000,192.02615356445312,9.241872787475586
351,1,1000,1000,192.0262908935547,9.241872787475586
352,1,1000,1000,192.02615356445312,9.241872787475586
353,1,1000,1000,192.02627563476562,9.241872787475586
354,1,1000,1000,192.02613830566406,9.241872787475586
355,1,1000,1000,192.02627563476562,9.241872787475586
356,1,1000,1000,192.026123046875,9.241872787475586
357,1,1000,1000,192.02630615234375,9.241872787475586
358,1,1000,1000,192.02618408203125,9.241872787475586
359,1,1000,1000,192.02633666992188,9.241872787475586
360,1,1000,1000,192.02618408203125,9.241872787475586
361,1,1000,1000,192.02633666992188,9.241872787475586
362,1,1000,1000,192.02618408203125,9.241872787475586
363,1,1000,1000,192.0263214111328,9.241872787475586
364,1,1000,1000,192.0261688232422,9.241872787475586
365,1,1000,1000,192.02630615234375,9.241872787475586
366,1,1000,1000,192.02615356445312,9.241872787475586
367,1,1000,1000,192.0262908935547,9.241872787475586
368,1,1000,1000,192.02615356445312,9.241872787475586
369,1,1000,1000,192.0262908935547,9.241872787475586
370,1,1000,1000,192.02613830566406,9.241872787475586
371,1,1000,1000,192.02627563476562,9.241872787475586
372,1,1000,1000,192.026123046875,9.241872787475586
373,1,1000,1000,192.02626037597656,9.241872787475586
374,1,1000,1000,192.026123046875,9.241872787475586
375,1,1000,1000,192.02627563476562,9.241872787475586
376,1,1000,1000,192.02615356445312,9.241872787475586
377,1,1000,1000,192.0262908935547,9.241872787475586
378,1,1000,1000,192.02615356445312,9.241872787475586
379,1,1000,1000,192.02627563476562,9.241872787475586
380,1,1000,1000,192.02613830566406,9.241872787475586
381,1,1000,1000,192.02627563476562,9.241872787475586
382,1,1000,1000,192.026123046875,9.241872787475586
383,1,1000,1000,192.02626037597656,9.241872787475586
384,1,1000,1000,192.026123046875,9.241872787475586
385,1,1000,1000,192.02627563476562,9.241872787475586
386,1,1000,1000,192.02615356445312,9.241872787475586
387,1,1000,1000,192.0262908935547,9.241872787475586
388,1,1000,1000,192.02615356445312,9.241872787475586
389,1,1000,1000,192.02627563476562,9.241872787475586
390,1,1000,1000,192.02613830566406,9.241872787475586
391,1,1000,1000,192.02627563476562,9.241872787475586
392,1,1000,1000,192.026123046875,9.241872787475586
393,1,1000,1000,192.0262451171875,9.241872787475586
394,1,1000,1000,192.02610778808594,9.241872787475586
395,1,1000,1000,192.02627563476562,9.241872787475586
396,1,1000,1000,192.02615356445312,9.241872787475586
397,1,1000,1000,192.02627563476562,9.241872787475586
398,1,1000,1000,192.02613830566406,9.241872787475586
399,1,1000,1000,192.02627563476562,9.241872787475586
400,1,1000,1000,192.026123046875,9.241872787475586
401,1,1000,1000,192.02626037597656,9.241872787475586
402,1,1000,1000,192.026123046875,9.241872787475586
403,1,1000,1000,192.02627563476562,9.241872787475586
404,1,1000,1000,192.02615356445312,9.241872787475586
405,1,1000,1000,192.0262908935547,9.241872787475586
406,1,1000,1000,192.02615356445312,9.241872787475586
407,1,1000,1000,192.02627563476562,9.241872787475586
408,1,1000,1000,192.02613830566406,9.241872787475586
409,1,1000,1000,192.02627563476562,9.241872787475586
410,1,1000,1000,192.026123046875,9.241872787475586
411,1,1000,1000,192.0262451171875,9.241872787475586
412,1,1000,1000,192.02610778808594,9.241872787475586
413,1,1000,1000,192.02627563476562,9.241872787475586
414,1,1000,1000,192.02615356445312,9.241872787475586
415,1,1000,1000,192.0262908935547,9.241872787475586
416,1,1000,1000,192.02615356445312,9.241872787475586
417,1,1000,1000,192.02627563476562,9.241872787475586
418,1,1000,1000,192.026123046875,9.241872787475586
419,1,1000,1000,192.02626037597656,9.241872787475586
420,1,1000,1000,192.026123046875,9.241872787475586
421,1,1000,1000,192.02627563476562,9.241872787475586
422,1,1000,1000,192.02615356445312,9.241872787475586
423,1,1000,1000,192.0262908935547,9.241872787475586
424,1,1000,1000,192.02615356445312,9.241872787475586
425,1,1000,1000,192.02627563476562,9.241872787475586
426,1,1000,1000,192.02613830566406,9.241872787475586
427,1,1000,1000,192.02627563476562,9.241872787475586
428,1,1000,1000,192.026123046875,9.241872787475586
429,1,1000,1000,192.02626037597656,9.241872787475586
430,1,1000,1000,192.02610778808594,9.241872787475586
431,1,1000,1000,192.02627563476562,9.241872787475586
432,1,1000,1000,192.02615356445312,9.241872787475586
433,1,1000,1000,192.0262908935547,9.241872787475586
434,1,1000,1000,192.02615356445312,9.241872787475586
435,1,1000,1000,192.02627563476562,9.241872787475586
436,1,1000,1000,192.026123046875,9.241872787475586
437,1,1000,1000,192.02627563476562,9.241872787475586
438,1,1000,1000,192.026123046875,9.241872787475586
439,1,1000,1000,192.0262451171875,9.241872787475586
440,1,1000,1000,192.02610778808594,9.241872787475586
441,1,1000,1000,192.02630615234375,9.241872787475586
442,1,1000,1000,192.02618408203125,9.241872787475586
443,1,1000,1000,192.0263214111328,9.241872787475586
444,1,1000,1000,192.02618408203125,9.241872787475586
445,1,1000,1000,192.02630615234375,9.241872787475586
446,1,1000,1000,192.0261688232422,9.241872787475586
447,1,1000,1000,192.02630615234375,9.241872787475586
448,1,1000,1000,192.02615356445312,9.241872787475586
449,1,1000,1000,192.0262908935547,9.241872787475586
450,1,1000,1000,192.02615356445312,9.241872787475586
451,1,1000,1000,192.0262908935547,9.241872787475586
452,1,1000,1000,192.02615356445312,9.241872787475586
453,1,1000,1000,192.02627563476562,9.241872787475586
454,1,1000,1000,192.026123046875,9.241872787475586
455,1,1000,1000,192.0262908935547,9.241872787475586
456,1,1000,1000,192.02615356445312,9.241872787475586
457,1,1000,1000,192.02630615234375,9.241872787475586
458,1,1000,1000,192.02615356445312,9.241872787475586
459,1,1000,1000,192.0262908935547,9.241872787475586
460,1,1000,1000,192.02615356445312,9.241872787475586
461,1,1000,1000,192.02627563476562,9.241872787475586
462,1,1000,1000,192.02613830566406,9.241872787475586
463,1,1000,1000,192.02627563476562,9.241872787475586
464,1,1000,1000,192.026123046875,9.241872787475586
465,1,1000,1000,192.0262908935547,9.241872787475586
466,1,1000,1000,192.02615356445312,9.241872787475586
467,1,1000,1000,192.0262908935547,9.241872787475586
468,1,1000,1000,192.02615356445312,9.241872787475586
469,1,1000,1000,192.0262908935547,9.241872787475586
470,1,1000,1000,192.02615356445312,9.241872787475586
471,1,1000,1000,192.02627563476562,9.241872787475586
472,1,1000,1000,192.026123046875,9.241872787475586
473,1,1000,1000,192.02627563476562,9.241872787475586
474,1,1000,1000,192.026123046875,9.241872787475586
475,1,1000,1000,192.02630615234375,9.241872787475586
476,1,1000,1000,192.02618408203125,9.241872787475586
477,1,1000,1000,192.02633666992188,9.241872787475586
478,1,1000,1000,192.02618408203125,9.241872787475586
479,1,1000,1000,192.02633666992188,9.241872787475586
480,1,1000,1000,192.02618408203125,9.241872787475586
481,1,1000,1000,192.0263214111328,9.241872787475586
482,1,1000,1000,192.0261688232422,9.241872787475586
483,1,1000,1000,192.02630615234375,9.241872787475586
484,1,1000,1000,192.02615356445312,9.241872787475586
485,1,1000,1000,192.0262908935547,9.241872787475586
486,1,1000,1000,192.02615356445312,9.241872787475586
487,1,1000,1000,192.0262908935547,9.241872787475586
488,1,1000,1000,192.02613830566406,9.241872787475586
489,1,1000,1000,192.02627563476562,9.241872787475586
490,1,1000,1000,192.026123046875,9.241872787475586
491,1,1000,1000,192.02626037597656,9.241872787475586
492,1,1000,1000,192.026123046875,9.241872787475586
493,1,1000,1000,192.02627563476562,9.241872787475586
494,1,1000,1000,192.02615356445312,9.241872787475586
495,1,1000,1000,192.0262908935547,9.241872787475586
496,1,1000,1000,192.02615356445312,9.241872787475586
497,1,1000,1000,192.02627563476562,9.241872787475586
498,1,1000,1000,192.02613830566406,9.241872787475586
499,1,1000,1000,192.02627563476562,9.241872787475586
500,1,1000,1000,192.026123046875,9.241872787475586
501,1,1000,1000,192.02626037597656,9.241872787475586
502,1,1000,1000,192.026123046875,9.241872787475586
503,1,1000,1000,192.02627563476562,9.241872787475586
504,1,1000,1000,192.02615356445312,9.241872787475586
505,1,1000,1000,192.0262908935547,9.241872787475586
506,1,1000,1000,192.02615356445312,9.241872787475586
507,1,1000,1000,192.02627563476562,9.241872787475586
508,1,1000,1000,192.02613830566406,9.241872787475586
509,1,1000,1000,192.02627563476562,9.241872787475586
510,1,1000,1000,192.026123046875,9.241872787475586
511,1,1000,1000,192.0262451171875,9.241872787475586
512,1,1000,1000,192.02610778808594,9.241872787475586
513,1,1000,1000,192.02627563476562,9.241872787475586
514,1,1000,1000,192.02615356445312,9.241872787475586
515,1,1000,1000,192.0262908935547,9.241872787475586
516,1,1000,1000,192.02615356445312,9.241872787475586
517,1,1000,1000,192.02627563476562,9.241872787475586
518,1,1000,1000,192.026123046875,9.241872787475586
519,1,1000,1000,192.02626037597656,9.241872787475586
520,1,1000,1000,192.026123046875,9.241872787475586
521,1,1000,1000,192.02627563476562,9.241872787475586
522,1,1000,1000,192.02615356445312,9.241872787475586
523,1,1000,1000,192.0262908935547,9.241872787475586
524,1,1000,1000,192.02615356445312,9.241872787475586
525,1,1000,1000,192.02627563476562,9.241872787475586
526,1,1000,1000,192.02613830566406,9.241872787475586
527,1,1000,1000,192.02627563476562,9.241872787475586
528,1,1000,1000,192.026123046875,9.241872787475586
529,1,1000,1000,192.0262451171875,9.241872787475586
530,1,1000,1000,192.02610778808594,9.241872787475586
531,1,1000,1000,192.02627563476562,9.241872787475586
532,1,1000,1000,192.02615356445312,9.241872787475586
533,1,1000,1000,192.0262908935547,9.241872787475586
534,1,1000,1000,192.02615356445312,9.241872787475586
535,1,1000,1000,192.02627563476562,9.241872787475586
536,1,1000,1000,192.026123046875,9.241872787475586
537,1,1000,1000,192.02626037597656,9.241872787475586
538,1,1000,1000,192.026123046875,9.241872787475586
539,1,1000,1000,192.02627563476562,9.241872787475586
540,1,1000,1000,192.02615356445312,9.241872787475586
541,1,1000,1000,192.0262908935547,9.241872787475586
542,1,1000,1000,192.02615356445312,9.241872787475586
543,1,1000,1000,192.02627563476562,9.241872787475586
544,1,1000,1000,192.02613830566406,9.241872787475586
545,1,1000,1000,192.02627563476562,9.241872787475586
546,1,1000,1000,192.026123046875,9.241872787475586
547,1,1000,1000,192.02626037597656,9.241872787475586
548,1,1000,1000,192.02610778808594,9.241872787475586
549,1,1000,1000,192.02627563476562,9.241872787475586
550,1,1000,1000,192.02615356445312,9.241872787475586
551,1,1000,1000,192.0262908935547,9.241872787475586
552,1,1000,1000,192.02615356445312,9.241872787475586
553,1,1000,1000,192.02627563476562,9.241872787475586
554,1,1000,1000,192.026123046875,9.241872787475586
555,1,1000,1000,192.02627563476562,9.241872787475586
556,1,1000,1000,192.026123046875,9.241872787475586
557,1,1000,1000,192.0262451171875,9.241872787475586
558,1,1000,1000,192.02610778808594,9.241872787475586
559,1,1000,1000,192.02630615234375,9.241872787475586
560,1,1000,1000,192.02618408203125,9.241872787475586
561,1,1000,1000,192.02633666992188,9.241872787475586
562,1,1000,1000,192.02618408203125,9.241872787475586
563,1,1000,1000,192.02630615234375,9.241872787475586
564,1,1000,1000,192.02618408203125,9.241872787475586
565,1,1000,1000,192.02630615234375,9.241872787475586
566,1,1000,1000,192.02615356445312,9.241872787475586
567,1,1000,1000,192.0262908935547,9.241872787475586
568,1,1000,1000,192.02615356445312,9.241872787475586
569,1,1000,1000,192.0262908935547,9.241872787475586
570,1,1000,1000,192.02615356445312,9.241872787475586
571,1,1000,1000,192.02627563476562,9.241872787475586
572,1,1000,1000,192.026123046875,9.241872787475586
573,1,1000,1000,192.0262908935547,9.241872787475586
574,1,1000,1000,192.02615356445312,9.241872787475586
575,1,1000,1000,192.02630615234375,9.241872787475586
576,1,1000,1000,192.02615356445312,9.241872787475586
577,1,1000,1000,192.0262908935547,9.241872787475586
578,1,1000,1000,192.02615356445312,9.241872787475586
579,1,1000,1000,192.02627563476562,9.241872787475586
580,1,1000,1000,192.02613830566406,9.241872787475586
581,1,1000,1000,192.02627563476562,9.241872787475586
582,1,1000,1000,192.026123046875,9.241872787475586
583,1,1000,1000,192.0262908935547,9.241872787475586
584,1,1000,1000,192.02615356445312,9.241872787475586
585,1,1000,1000,192.02630615234375,9.241872787475586
586,1,1000,1000,192.02615356445312,9.241872787475586
587,1,1000,1000,192.0262908935547,9.241872787475586
588,1,1000,1000,192.02615356445312,9.241872787475586
589,1,1000,1000,192.02627563476562,9.241872787475586
590,1,1000,1000,192.02613830566406,9.241872787475586
591,1,1000,1000,192.02627563476562,9.241872787475586
592,1,1000,1000,192.026123046875,9.241872787475586
593,1,1000,1000,192.02630615234375,9.241872787475586
594,1,1000,1000,192.02618408203125,9.241872787475586
595,1,1000,1000,192.02633666992188,9.241872787475586
596,1,1000,1000,192.02618408203125,9.241872787475586
597,1,1000,1000,192.02633666992188,9.241872787475586
598,1,1000,1000,192.02618408203125,9.241872787475586
599,1,1000,1000,192.0263214111328,9.241872787475586
600,1,1000,1000,192.0261688232422,9.241872787475586
601,1,1000,1000,192.02630615234375,9.241872787475586
602,1,1000,1000,192.02615356445312,9.241872787475586
603,1,1000,1000,192.0262908935547,9.241872787475586
604,1,1000,1000,192.02615356445312,9.241872787475586
605,1,1000,1000,192.0262908935547,9.241872787475586
606,1,1000,1000,192.02613830566406,9.241872787475586
607,1,1000,1000,192.02627563476562,9.241872787475586
608,1,1000,1000,192.026123046875,9.241872787475586
609,1,1000,1000,192.02626037597656,9.241872787475586
610,1,1000,1000,192.026123046875,9.241872787475586
611,1,1000,1000,192.02627563476562,9.241872787475586
612,1,1000,1000,192.02615356445312,9.241872787475586
613,1,1000,1000,192.0262908935547,9.241872787475586
614,1,1000,1000,192.02615356445312,9.241872787475586
615,1,1000,1000,192.02627563476562,9.241872787475586
616,1,1000,1000,192.02613830566406,9.241872787475586
617,1,1000,1000,192.02627563476562,9.241872787475586
618,1,1000,1000,192.026123046875,9.241872787475586
619,1,1000,1000,192.02626037597656,9.241872787475586
620,1,1000,1000,192.026123046875,9.241872787475586
621,1,1000,1000,192.02627563476562,9.241872787475586
622,1,1000,1000,192.02615356445312,9.241872787475586
623,1,1000,1000,192.0262908935547,9.241872787475586
624,1,1000,1000,192.02615356445312,9.241872787475586
625,1,1000,1000,192.02627563476562,9.241872787475586
626,1,1000,1000,192.026123046875,9.241872787475586
627,1,1000,1000,192.02627563476562,9.241872787475586
628,1,1000,1000,192.026123046875,9.241872787475586
629,1,1000,1000,192.0262451171875,9.241872787475586
630,1,1000,1000,192.02610778808594,9.241872787475586
631,1,1000,1000,192.02630615234375,9.241872787475586
632,1,1000,1000,192.02618408203125,9.241872787475586
633,1,1000,1000,192.02633666992188,9.241872787475586
634,1,1000,1000,192.02618408203125,9.241872787475586
635,1,1000,1000,192.02630615234375,9.241872787475586
636,1,1000,1000,192.02618408203125,9.241872787475586
637,1,1000,1000,192.02630615234375,9.241872787475586
638,1,1000,1000,192.02615356445312,9.241872787475586
639,1,1000,1000,192.0262908935547,9.241872787475586
640,1,1000,1000,192.02615356445312,9.241872787475586
641,1,1000,1000,192.0262908935547,9.241872787475586
642,1,1000,1000,192.02615356445312,9.241872787475586
643,1,1000,1000,192.02627563476562,9.241872787475586
644,1,1000,1000,192.026123046875,9.241872787475586
645,1,1000,1000,192.0262908935547,9.241872787475586
646,1,1000,1000,192.02615356445312,9.241872787475586
647,1,1000,1000,192.02630615234375,9.241872787475586
648,1,1000,1000,192.02615356445312,9.241872787475586
649,1,1000,1000,192.0262908935547,9.241872787475586
650,1,1000,1000,192.02615356445312,9.241872787475586
651,1,1000,1000,192.02627563476562,9.241872787475586
652,1,1000,1000,192.02613830566406,9.241872787475586
653,1,1000,1000,192.02627563476562,9.241872787475586
654,1,1000,1000,192.026123046875,9.241872787475586
655,1,1000,1000,192.0262908935547,9.241872787475586
656,1,1000,1000,192.02615356445312,9.241872787475586
657,1,1000,1000,192.02630615234375,9.241872787475586
658,1,1000,1000,192.02615356445312,9.241872787475586
659,1,1000,1000,192.0262908935547,9.241872787475586
660,1,1000,1000,192.02615356445312,9.241872787475586
661,1,1000,1000,192.02627563476562,9.241872787475586
662,1,1000,1000,192.02613830566406,9.241872787475586
663,1,1000,1000,192.02627563476562,9.241872787475586
664,1,1000,1000,192.026123046875,9.241872787475586
665,1,1000,1000,192.0262908935547,9.241872787475586
666,1,1000,1000,192.02615356445312,9.241872787475586
667,1,1000,1000,192.0262908935547,9.241872787475586
668,1,1000,1000,192.02615356445312,9.241872787475586
669,1,1000,1000,192.0262908935547,9.241872787475586
670,1,1000,1000,192.02615356445312,9.241872787475586
671,1,1000,1000,192.02627563476562,9.241872787475586
672,1,1000,1000,192.026123046875,9.241872787475586
673,1,1000,1000,192.02627563476562,9.241872787475586
674,1,1000,1000,192.026123046875,9.241872787475586
675,1,1000,1000,192.02630615234375,9.241872787475586
676,1,1000,1000,192.02618408203125,9.241872787475586
677,1,1000,1000,192.02633666992188,9.241872787475586
678,1,1000,1000,192.02618408203125,9.241872787475586
679,1,1000,1000,192.02633666992188,9.241872787475586
680,1,1000,1000,192.02618408203125,9.241872787475586
681,1,1000,1000,192.0263214111328,9.241872787475586
682,1,1000,1000,192.0261688232422,9.241872787475586
683,1,1000,1000,192.02630615234375,9.241872787475586
684,1,1000,1000,192.02615356445312,9.241872787475586
685,1,1000,1000,192.0262908935547,9.241872787475586
686,1,1000,1000,192.02615356445312,9.241872787475586
687,1,1000,1000,192.0262908935547,9.241872787475586
688,1,1000,1000,192.02613830566406,9.241872787475586
689,1,1000,1000,192.02627563476562,9.241872787475586
690,1,1000,1000,192.026123046875,9.241872787475586
691,1,1000,1000,192.02626037597656,9.241872787475586
692,1,1000,1000,192.026123046875,9.241872787475586
693,1,1000,1000,192.02627563476562,9.241872787475586
694,1,1000,1000,192.02615356445312,9.241872787475586
695,1,1000,1000,192.0262908935547,9.241872787475586
696,1,1000,1000,192.02615356445312,9.241872787475586
697,1,1000,1000,192.02627563476562,9.241872787475586
698,1,1000,1000,192.02613830566406,9.241872787475586
699,1,1000,1000,192.02627563476562,9.241872787475586
700,1,1000,1000,192.026123046875,9.241872787475586
701,1,1000,1000,192.02626037597656,9.241872787475586
702,1,1000,1000,192.026123046875,9.241872787475586
703,1,1000,1000,192.02630615234375,9.241872787475586
704,1,1000,1000,192.02618408203125,9.241872787475586
705,1,1000,1000,192.02633666992188,9.241872787475586
706,1,1000,1000,192.02618408203125,9.241872787475586
707,1,1000,1000,192.0263214111328,9.241872787475586
708,1,1000,1000,192.02618408203125,9.241872787475586
709,1,1000,1000,192.02630615234375,9.241872787475586
710,1,1000,1000,192.02615356445312,9.241872787475586
711,1,1000,1000,192.02630615234375,9.241872787475586
712,1,1000,1000,192.02615356445312,9.241872787475586
713,1,1000,1000,192.0262908935547,9.241872787475586
714,1,1000,1000,192.02615356445312,9.241872787475586
715,1,1000,1000,192.02627563476562,9.241872787475586
716,1,1000,1000,192.02613830566406,9.241872787475586
717,1,1000,1000,192.02627563476562,9.241872787475586
718,1,1000,1000,192.026123046875,9.241872787475586
719,1,1000,1000,192.02630615234375,9.241872787475586
720,1,1000,1000,192.02618408203125,9.241872787475586
721,1,1000,1000,192.02633666992188,9.241872787475586
722,1,1000,1000,192.0261993408203,9.241872787475586
723,1,1000,1000,192.026123046875,9.241872787475586
724,1,1000,1000,192.02635192871094,9.241872787475586
725,1,1000,1000,192.0262451171875,9.241872787475586
726,1,1000,1000,192.0261993408203,9.241872787475586
727,1,1000,1000,192.0263671875,9.241872787475586
728,1,1000,1000,192.0262451171875,9.241872787475586
729,1,1000,1000,192.02618408203125,9.241872787475586
730,1,1000,1000,192.0263671875,9.241872787475586
731,1,1000,1000,192.0262451171875,9.241872787475586
732,1,1000,1000,192.0261688232422,9.241872787475586
733,1,1000,1000,192.02633666992188,9.241872787475586
734,1,1000,1000,192.02621459960938,9.241872787475586
735,1,1000,1000,192.02615356445312,9.241872787475586
736,1,1000,1000,192.02633666992188,9.241872787475586
737,1,1000,1000,192.02621459960938,9.241872787475586
738,1,1000,1000,192.02615356445312,9.241872787475586
739,1,1000,1000,192.02630615234375,9.241872787475586
740,1,1000,1000,192.02618408203125,9.241872787475586
741,1,1000,1000,192.026123046875,9.241872787475586
742,1,1000,1000,192.02635192871094,9.241872787475586
743,1,1000,1000,192.02626037597656,9.241872787475586
744,1,1000,1000,192.02621459960938,9.241872787475586
745,1,1000,1000,192.0261688232422,9.241872787475586
746,1,1000,1000,192.0263671875,9.241872787475586
747,1,1000,1000,192.02627563476562,9.241872787475586
748,1,1000,1000,192.02622985839844,9.241872787475586
749,1,1000,1000,192.02621459960938,9.241872787475586
750,1,1000,1000,192.0262908935547,9.241872787475586
751,1,1000,1000,192.0262451171875,9.241872787475586
752,1,1000,1000,192.02621459960938,9.241872787475586
753,1,1000,1000,192.02618408203125,9.241872787475586
754,1,1000,1000,192.02638244628906,9.241872787475586
755,1,1000,1000,192.0262451171875,9.241872787475586
756,1,1000,1000,192.0261993408203,9.241872787475586
757,1,1000,1000,192.0261688232422,9.241872787475586
758,1,1000,1000,192.0263671875,9.241872787475586
759,1,1000,1000,192.0262908935547,9.241872787475586
760,1,1000,1000,192.0262451171875,9.241872787475586
761,1,1000,1000,192.02621459960938,9.241872787475586
762,1,1000,1000,192.0261993408203,9.241872787475586
763,1,1000,1000,192.02639770507812,9.241872787475586
764,1,1000,1000,192.02626037597656,9.241872787475586
765,1,1000,1000,192.02621459960938,9.241872787475586
766,1,1000,1000,192.02618408203125,9.241872787475586
767,1,1000,1000,192.02639770507812,9.241872787475586
768,1,1000,1000,192.0262451171875,9.241872787475586
769,1,1000,1000,192.02621459960938,9.241872787475586
770,1,1000,1000,192.0262908935547,9.241872787475586
771,1,1000,1000,192.02622985839844,9.241872787475586
772,1,1000,1000,192.0261993408203,9.241872787475586
773,1,1000,1000,192.02627563476562,9.241872787475586
774,1,1000,1000,192.02621459960938,9.241872787475586
775,1,1000,1000,192.02618408203125,9.241872787475586
776,1,1000,1000,192.0263671875,9.241872787475586
777,1,1000,1000,192.0262451171875,9.241872787475586
778,1,1000,1000,192.02618408203125,9.241872787475586
779,1,1000,1000,192.02635192871094,9.241872787475586
780,1,1000,1000,192.02622985839844,9.241872787475586
781,1,1000,1000,192.02615356445312,9.241872787475586
782,1,1000,1000,192.02633666992188,9.241872787475586
783,1,1000,1000,192.02621459960938,9.241872787475586
784,1,1000,1000,192.02615356445312,9.241872787475586
785,1,1000,1000,192.0263214111328,9.241872787475586
786,1,1000,1000,192.0261993408203,9.241872787475586
787,1,1000,1000,192.02613830566406,9.241872787475586
788,1,1000,1000,192.02630615234375,9.241872787475586
789,1,1000,1000,192.02618408203125,9.241872787475586
790,1,1000,1000,192.02633666992188,9.241872787475586
791,1,1000,1000,192.02618408203125,9.241872787475586
792,1,1000,1000,192.0263214111328,9.241872787475586
793,1,1000,1000,192.02618408203125,9.241872787475586
794,1,1000,1000,192.02630615234375,9.241872787475586
795,1,1000,1000,192.02615356445312,9.241872787475586
796,1,1000,1000,192.02630615234375,9.241872787475586
797,1,1000,1000,192.02615356445312,9.241872787475586
798,1,1000,1000,192.0262908935547,9.241872787475586
799,1,1000,1000,192.02615356445312,9.241872787475586
800,1,1000,1000,192.02627563476562,9.241872787475586
