1,1,1000,1000,255.7216796875,30.0
2,1,1000,1000,262.9322509765625,29.975475311279297
3,1,1000,1000,262.4680480957031,29.92667007446289
4,1,1000,1000,261.1891174316406,29.85382843017578
5,1,1000,1000,260.1107177734375,29.757190704345703
6,1,1000,1000,259.07537841796875,29.636993408203125
7,1,1000,1000,258.04217529296875,29.493473052978516
8,1,1000,1000,257.0133972167969,29.326862335205078
9,1,1000,1000,255.990478515625,29.137393951416016
10,1,1000,1000,254.97337341308594,28.925294876098633
11,1,1000,1000,253.96205139160156,28.690792083740234
12,1,1000,1000,252.95645141601562,28.43410873413086
13,1,1000,1000,251.95669555664062,28.155467987060547
14,1,1000,1000,250.9627227783203,27.85508918762207
15,1,1000,1000,249.9744873046875,27.533187866210938
16,1,1000,1000,248.9918975830078,27.18998146057129
17,1,1000,1000,248.01492309570312,26.825681686401367
18,1,1000,1000,247.0435791015625,26.440500259399414
19,1,1000,1000,246.0777130126953,26.034645080566406
20,1,1000,1000,245.11737060546875,25.60832405090332
21,1,1000,1000,244.16249084472656,25.161741256713867
22,1,1000,1000,243.2130126953125,24.695098876953125
23,1,1000,1000,242.2689208984375,24.20859718322754
24,1,1000,1000,241.3302001953125,23.702436447143555
25,1,1000,1000,240.39678955078125,23.17681121826172
26,1,1000,1000,239.46868896484375,22.63191795349121
27,1,1000,1000,238.5458526611328,22.067949295043945
28,1,1000,1000,237.62823486328125,21.48509407043457
29,1,1000,1000,236.7158203125,20.883543014526367
30,1,1000,1000,235.80856323242188,20.26348304748535
31,1,1000,1000,234.90646362304688,19.625097274780273
32,1,1000,1000,234.00946044921875,18.968570709228516
33,1,1000,1000,233.1175537109375,18.294084548950195
34,1,1000,1000,232.23068237304688,17.601818084716797
35,1,1000,1000,231.34886169433594,16.891948699951172
36,1,1000,1000,230.4720001220703,16.164653778076172
37,1,1000,1000,229.6001434326172,15.420106887817383
38,1,1000,1000,228.73321533203125,14.658480644226074
39,1,1000,1000,227.87115478515625,13.879945755004883
40,1,1000,1000,227.0140380859375,13.084671020507812
41,1,1000,1000,226.1617431640625,12.272823333740234
42,1,1000,1000,225.31430053710938,11.44456958770752
43,1,1000,1000,224.4716339111328,10.60007381439209
44,1,1000,1000,223.63375854492188,9.739498138427734
45,1,1000,1000,222.8006134033203,8.86300277709961
46,1,1000,1000,222.41355895996094,8.57837963104248
47,1,1000,1000,222.3445587158203,8.723734855651855
48,1,1000,1000,222.3922882080078,9.02200984954834
49,1,1000,1000,222.43699645996094,9.293241500854492
50,1,1000,1000,222.47738647460938,9.53683853149414
51,1,1000,1000,222.51739501953125,9.753232955932617
52,1,1000,1000,222.5572967529297,9.942792892456055
53,1,1000,1000,222.59698486328125,10.10584545135498
54,1,1000,1000,222.63644409179688,10.242690086364746
55,1,1000,1000,222.67568969726562,10.353610038757324
56,1,1000,1000,222.71469116210938,10.43887710571289
57,1,1000,1000,222.7534942626953,10.49875545501709
58,1,1000,1000,222.79205322265625,10.533503532409668
59,1,1000,1000,222.8303985595703,10.543375015258789
60,1,1000,1000,222.8685302734375,10.528620719909668
61,1,1000,1000,222.9064483642578,10.489487648010254
62,1,1000,1000,222.9441680908203,10.426219940185547
63,1,1000,1000,222.9816436767578,10.339058876037598
64,1,1000,1000,223.0189208984375,10.22824478149414
65,1,1000,1000,223.05599975585938,10.094013214111328
66,1,1000,1000,223.09286499023438,9.936598777770996
67,1,1000,1000,223.12948608398438,9.756233215332031
68,1,1000,1000,223.16590881347656,9.553146362304688
69,1,1000,1000,223.20213317871094,9.32756519317627
70,1,1000,1000,223.23818969726562,9.07971477508545
71,1,1000,1000,223.25497436523438,9.026091575622559
72,1,1000,1000,223.25796508789062,9.094587326049805
73,1,1000,1000,223.25595092773438,9.193732261657715
74,1,1000,1000,223.25404357910156,9.26749324798584
75,1,1000,1000,223.25230407714844,9.3158597946167
76,1,1000,1000,223.25057983398438,9.33913803100586
77,1,1000,1000,223.24887084960938,9.337610244750977
78,1,1000,1000,223.2471160888672,9.311543464660645
79,1,1000,1000,223.24539184570312,9.261195182800293
80,1,1000,1000,223.24461364746094,9.226964950561523
81,1,1000,1000,223.2445068359375,9.21631145477295
82,1,1000,1000,223.24453735351562,9.222272872924805
83,1,1000,1000,223.24459838867188,9.233901023864746
84,1,1000,1000,223.24464416503906,9.243188858032227
85,1,1000,1000,223.24465942382812,9.247182846069336
86,1,1000,1000,223.24465942382812,9.246772766113281
87,1,1000,1000,223.24465942382812,9.244362831115723
88,1,1000,1000,223.24464416503906,9.242044448852539
89,1,1000,1000,223.24464416503906,9.24081039428711
90,1,1000,1000,223.24464416503906,9.240669250488281
91,1,1000,1000,223.24462890625,9.241135597229004
92,1,1000,1000,223.24462890625,9.241698265075684
93,1,1000,1000,223.24462890625,9.242055892944336
94,1,1000,1000,223.24462890625,9.24215316772461
95,1,1000,1000,223.24462890625,9.24207592010498
96,1,1000,1000,223.24462890625,9.24194622039795
97,1,1000,1000,223.24462890625,9.24184799194336
98,1,1000,1000,223.24459838867188,9.241809844970703
99,1,1000,1000,223.24464416503906,9.24181842803955
100,1,1000,1000,223.24462890625,9.241847038269043
101,1,1000,1000,223.24461364746094,9.241872787475586
102,1,1000,1000,223.24459838867188,9.2418851852417
103,1,1000,1000,223.24462890625,9.241886138916016
104,1,1000,1000,223.24459838867188,9.241880416870117
105,1,1000,1000,223.24459838867188,9.241873741149902
106,1,1000,1000,223.24461364746094,9.241869926452637
107,1,1000,1000,223.24459838867188,9.24186897277832
108,1,1000,1000,223.24461364746094,9.241869926452637
109,1,1000,1000,223.24459838867188,9.24187183380127
110,1,1000,1000,223.24459838867188,9.241872787475586
111,1,1000,1000,223.24459838867188,9.241872787475586
112,1,1000,1000,223.24459838867188,9.241872787475586
113,1,1000,1000,223.2445831298828,9.241872787475586
114,1,1000,1000,223.24459838867188,9.241872787475586
115,1,1000,1000,223.24459838867188,9.241872787475586
116,1,1000,1000,223.24462890625,9.241872787475586
117,1,1000,1000,223.2445831298828,9.241872787475586
118,1,1000,1000,223.24456787109375,9.241872787475586
119,1,1000,1000,223.24456787109375,9.241872787475586
120,1,1000,1000,223.24456787109375,9.241872787475586
121,1,1000,1000,223.24456787109375,9.241872787475586
122,1,1000,1000,223.24456787109375,9.241872787475586
123,1,1000,1000,223.24456787109375,9.241872787475586
124,1,1000,1000,223.24456787109375,9.241872787475586
125,1,1000,1000,223.24456787109375,9.241872787475586
126,1,1000,1000,223.24456787109375,9.241872787475586
127,1,1000,1000,223.24456787109375,9.241872787475586
128,1,1000,1000,223.24456787109375,9.241872787475586
129,1,1000,1000,223.24456787109375,9.241872787475586
130,1,1000,1000,223.24456787109375,9.241872787475586
131,1,1000,1000,223.24456787109375,9.241872787475586
132,1,1000,1000,223.24456787109375,9.241872787475586
133,1,1000,1000,223.24456787109375,9.241872787475586
134,1,1000,1000,223.24456787109375,9.241872787475586
135,1,1000,1000,223.24456787109375,9.241872787475586
136,1,1000,1000,223.24456787109375,9.241872787475586
137,1,1000,1000,223.24456787109375,9.241872787475586
138,1,1000,1000,223.24456787109375,9.241872787475586
139,1,1000,1000,223.24456787109375,9.241872787475586
140,1,1000,1000,223.24456787109375,9.241872787475586
141,1,1000,1000,223.24456787109375,9.241872787475586
142,1,1000,1000,223.24456787109375,9.241872787475586
143,1,1000,1000,223.24456787109375,9.241872787475586
144,1,1000,1000,223.24456787109375,9.241872787475586
145,1,1000,1000,223.24456787109375,9.241872787475586
146,1,1000,1000,223.24456787109375,9.241872787475586
147,1,1000,1000,223.24456787109375,9.241872787475586
148,1,1000,1000,223.24456787109375,9.241872787475586
149,1,1000,1000,223.24456787109375,9.241872787475586
150,1,1000,1000,223.24456787109375,9.241872787475586
151,1,1000,1000,223.24456787109375,9.241872787475586
152,1,1000,1000,223.24456787109375,9.241872787475586
153,1,1000,1000,223.24456787109375,9.241872787475586
154,1,1000,1000,223.24456787109375,9.241872787475586
155,1,1000,1000,223.24456787109375,9.241872787475586
156,1,1000,1000,223.24456787109375,9.241872787475586
157,1,1000,1000,223.24456787109375,9.241872787475586
158,1,1000,1000,223.24456787109375,9.241872787475586
159,1,1000,1000,223.24456787109375,9.241872787475586
160,1,1000,1000,223.24456787109375,9.241872787475586
161,1,1000,1000,223.24456787109375,9.241872787475586
162,1,1000,1000,223.24456787109375,9.241872787475586
163,1,1000,1000,223.24456787109375,9.241872787475586
164,1,1000,1000,223.24456787109375,9.241872787475586
165,1,1000,1000,223.24456787109375,9.241872787475586
166,1,1000,1000,223.24456787109375,9.241872787475586
167,1,1000,1000,223.24456787109375,9.241872787475586
168,1,1000,1000,223.24456787109375,9.241872787475586
169,1,1000,1000,223.24456787109375,9.241872787475586
170,1,1000,1000,223.24456787109375,9.241872787475586
171,1,1000,1000,223.24456787109375,9.241872787475586
172,1,1000,1000,223.24456787109375,9.241872787475586
173,1,1000,1000,223.24456787109375,9.241872787475586
174,1,1000,1000,223.24456787109375,9.241872787475586
175,1,1000,1000,223.24456787109375,9.241872787475586
176,1,1000,1000,223.24456787109375,9.241872787475586
177,1,1000,1000,223.24456787109375,9.241872787475586
178,1,1000,1000,223.24456787109375,9.241872787475586
179,1,1000,1000,223.24456787109375,9.241872787475586
180,1,1000,1000,223.24456787109375,9.241872787475586
181,1,1000,1000,223.24456787109375,9.241872787475586
182,1,1000,1000,223.24456787109375,9.241872787475586
183,1,1000,1000,223.24456787109375,9.241872787475586
184,1,1000,1000,223.24456787109375,9.241872787475586
185,1,1000,1000,223.24456787109375,9.241872787475586
186,1,1000,1000,223.24456787109375,9.241872787475586
187,1,1000,1000,223.24456787109375,9.241872787475586
188,1,1000,1000,223.24456787109375,9.241872787475586
189,1,1000,1000,223.24456787109375,9.241872787475586
190,1,1000,1000,223.24456787109375,9.241872787475586
191,1,1000,1000,223.24456787109375,9.241872787475586
192,1,1000,1000,223.24456787109375,9.241872787475586
193,1,1000,1000,223.24456787109375,9.241872787475586
194,1,1000,1000,223.24456787109375,9.241872787475586
195,1,1000,1000,223.24456787109375,9.241872787475586
196,1,1000,1000,223.24456787109375,9.241872787475586
197,1,1000,1000,223.24456787109375,9.241872787475586
198,1,1000,1000,223.24456787109375,9.241872787475586
199,1,1000,1000,223.24456787109375,9.241872787475586
200,1,1000,1000,223.24456787109375,9.241872787475586
201,1,1000,1000,223.24456787109375,9.241872787475586
202,1,1000,1000,223.24456787109375,9.241872787475586
203,1,1000,1000,223.24456787109375,9.241872787475586
204,1,1000,1000,223.24456787109375,9.241872787475586
205,1,1000,1000,223.24456787109375,9.241872787475586
206,1,1000,1000,223.24456787109375,9.241872787475586
207,1,1000,1000,223.24456787109375,9.241872787475586
208,1,1000,1000,223.24456787109375,9.241872787475586
209,1,1000,1000,223.24456787109375,9.241872787475586
210,1,1000,1000,223.24456787109375,9.241872787475586
211,1,1000,1000,223.24456787109375,9.241872787475586
212,1,1000,1000,223.24456787109375,9.241872787475586
213,1,1000,1000,223.24456787109375,9.241872787475586
214,1,1000,1000,223.24456787109375,9.241872787475586
215,1,1000,1000,223.24456787109375,9.241872787475586
216,1,1000,1000,223.24456787109375,9.241872787475586
217,1,1000,1000,223.24456787109375,9.241872787475586
218,1,1000,1000,223.24456787109375,9.241872787475586
219,1,1000,1000,223.24456787109375,9.241872787475586
220,1,1000,1000,223.24456787109375,9.241872787475586
221,1,1000,1000,223.24456787109375,9.241872787475586
222,1,1000,1000,223.24456787109375,9.241872787475586
223,1,1000,1000,223.24456787109375,9.241872787475586
224,1,1000,1000,223.24456787109375,9.241872787475586
225,1,1000,1000,223.24456787109375,9.241872787475586
226,1,1000,1000,223.24456787109375,9.241872787475586
227,1,1000,1000,223.24456787109375,9.241872787475586
228,1,1000,1000,223.24456787109375,9.241872787475586
229,1,1000,1000,223.24456787109375,9.241872787475586
230,1,1000,1000,223.24456787109375,9.241872787475586
231,1,1000,1000,223.24456787109375,9.241872787475586
232,1,1000,1000,223.24456787109375,9.241872787475586
233,1,1000,1000,223.24456787109375,9.241872787475586
234,1,1000,1000,223.24456787109375,9.241872787475586
235,1,1000,1000,223.24456787109375,9.241872787475586
236,1,1000,1000,223.24456787109375,9.241872787475586
237,1,1000,1000,223.24456787109375,9.241872787475586
238,1,1000,1000,223.24456787109375,9.241872787475586
239,1,1000,1000,223.24456787109375,9.241872787475586
240,1,1000,1000,223.24456787109375,9.241872787475586
241,1,1000,1000,223.24456787109375,9.241872787475586
242,1,1000,1000,223.24456787109375,9.241872787475586
243,1,1000,1000,223.24456787109375,9.241872787475586
244,1,1000,1000,223.24456787109375,9.241872787475586
245,1,1000,1000,223.24456787109375,9.241872787475586
246,1,1000,1000,223.24456787109375,9.241872787475586
247,1,1000,1000,223.24456787109375,9.241872787475586
248,1,1000,1000,223.24456787109375,9.241872787475586
249,1,1000,1000,223.24456787109375,9.241872787475586
250,1,1000,1000,223.24456787109375,9.241872787475586
251,1,1000,1000,223.24456787109375,9.241872787475586
252,1,1000,1000,223.24456787109375,9.241872787475586
253,1,1000,1000,223.24456787109375,9.241872787475586
254,1,1000,1000,223.24456787109375,9.241872787475586
255,1,1000,1000,223.24456787109375,9.241872787475586
256,1,1000,1000,223.24456787109375,9.241872787475586
257,1,1000,1000,223.24456787109375,9.241872787475586
258,1,1000,1000,223.24456787109375,9.241872787475586
259,1,1000,1000,223.24456787109375,9.241872787475586
260,1,1000,1000,223.24456787109375,9.241872787475586
261,1,1000,1000,223.24456787109375,9.241872787475586
262,1,1000,1000,223.24456787109375,9.241872787475586
263,1,1000,1000,223.24456787109375,9.241872787475586
264,1,1000,1000,223.24456787109375,9.241872787475586
265,1,1000,1000,223.24456787109375,9.241872787475586
266,1,1000,1000,223.24456787109375,9.241872787475586
267,1,1000,1000,223.24456787109375,9.241872787475586
268,1,1000,1000,223.24456787109375,9.241872787475586
269,1,1000,1000,223.24456787109375,9.241872787475586
270,1,1000,1000,223.24456787109375,9.241872787475586
271,1,1000,1000,223.24456787109375,9.241872787475586
272,1,1000,1000,223.24456787109375,9.241872787475586
273,1,1000,1000,223.24456787109375,9.241872787475586
274,1,1000,1000,223.24456787109375,9.241872787475586
275,1,1000,1000,223.24456787109375,9.241872787475586
276,1,1000,1000,223.24456787109375,9.241872787475586
277,1,1000,1000,223.24456787109375,9.241872787475586
278,1,1000,1000,223.24456787109375,9.241872787475586
279,1,1000,1000,223.24456787109375,9.241872787475586
280,1,1000,1000,223.24456787109375,9.241872787475586
281,1,1000,1000,223.24456787109375,9.241872787475586
282,1,1000,1000,223.24456787109375,9.241872787475586
283,1,1000,1000,223.24456787109375,9.241872787475586
284,1,1000,1000,223.24456787109375,9.241872787475586
285,1,1000,1000,223.24456787109375,9.241872787475586
286,1,1000,1000,223.24456787109375,9.241872787475586
287,1,1000,1000,223.24456787109375,9.241872787475586
288,1,1000,1000,223.24456787109375,9.241872787475586
289,1,1000,1000,223.24456787109375,9.241872787475586
290,1,1000,1000,223.24456787109375,9.241872787475586
291,1,1000,1000,223.24456787109375,9.241872787475586
292,1,1000,1000,223.24456787109375,9.241872787475586
293,1,1000,1000,223.24456787109375,9.241872787475586
294,1,1000,1000,223.24456787109375,9.241872787475586
295,1,1000,1000,223.24456787109375,9.241872787475586
296,1,1000,1000,223.24456787109375,9.241872787475586
297,1,1000,1000,223.24456787109375,9.241872787475586
298,1,1000,1000,223.24456787109375,9.241872787475586
299,1,1000,1000,223.24456787109375,9.241872787475586
300,1,1000,1000,223.24456787109375,9.241872787475586
301,1,1000,1000,223.24456787109375,9.241872787475586
302,1,1000,1000,223.24456787109375,9.241872787475586
303,1,1000,1000,223.24456787109375,9.241872787475586
304,1,1000,1000,223.24456787109375,9.241872787475586
305,1,1000,1000,223.24456787109375,9.241872787475586
306,1,1000,1000,223.24456787109375,9.241872787475586
307,1,1000,1000,223.24456787109375,9.241872787475586
308,1,1000,1000,223.24456787109375,9.241872787475586
309,1,1000,1000,223.24456787109375,9.241872787475586
310,1,1000,1000,223.24456787109375,9.241872787475586
311,1,1000,1000,223.24456787109375,9.241872787475586
312,1,1000,1000,223.24456787109375,9.241872787475586
313,1,1000,1000,223.24456787109375,9.241872787475586
314,1,1000,1000,223.24456787109375,9.241872787475586
315,1,1000,1000,223.24456787109375,9.241872787475586
316,1,1000,1000,223.24456787109375,9.241872787475586
317,1,1000,1000,223.24456787109375,9.241872787475586
318,1,1000,1000,223.24456787109375,9.241872787475586
319,1,1000,1000,223.24456787109375,9.241872787475586
320,1,1000,1000,223.24456787109375,9.241872787475586
321,1,1000,1000,223.24456787109375,9.241872787475586
322,1,1000,1000,223.24456787109375,9.241872787475586
323,1,1000,1000,223.24456787109375,9.241872787475586
324,1,1000,1000,223.24456787109375,9.241872787475586
325,1,1000,1000,223.24456787109375,9.241872787475586
326,1,1000,1000,223.24456787109375,9.241872787475586
327,1,1000,1000,223.24456787109375,9.241872787475586
328,1,1000,1000,223.24456787109375,9.241872787475586
329,1,1000,1000,223.24456787109375,9.241872787475586
330,1,1000,1000,223.24456787109375,9.241872787475586
331,1,1000,1000,223.24456787109375,9.241872787475586
332,1,1000,1000,223.24456787109375,9.241872787475586
333,1,1000,1000,223.24456787109375,9.241872787475586
334,1,1000,1000,223.24456787109375,9.241872787475586
335,1,1000,1000,223.24456787109375,9.241872787475586
336,1,1000,1000,223.24456787109375,9.241872787475586
337,1,1000,1000,223.24456787109375,9.241872787475586
338,1,1000,1000,223.24456787109375,9.241872787475586
339,1,1000,1000,223.24456787109375,9.241872787475586
340,1,1000,1000,223.24456787109375,9.241872787475586
341,1,1000,1000,223.24456787109375,9.241872787475586
342,1,1000,1000,223.24456787109375,9.241872787475586
343,1,1000,1000,223.24456787109375,9.241872787475586
344,1,1000,1000,223.24456787109375,9.241872787475586
345,1,1000,1000,223.24456787109375,9.241872787475586
346,1,1000,1000,223.24456787109375,9.241872787475586
347,1,1000,1000,223.24456787109375,9.241872787475586
348,1,1000,1000,223.24456787109375,9.241872787475586
349,1,1000,1000,223.24456787109375,9.241872787475586
350,1,1000,1000,223.24456787109375,9.241872787475586
351,1,1000,1000,223.24456787109375,9.241872787475586
352,1,1000,1000,223.24456787109375,9.241872787475586
353,1,1000,1000,223.24456787109375,9.241872787475586
354,1,1000,1000,223.24456787109375,9.241872787475586
355,1,1000,1000,223.24456787109375,9.241872787475586
356,1,1000,1000,223.24456787109375,9.241872787475586
357,1,1000,1000,223.24456787109375,9.241872787475586
358,1,1000,1000,223.24456787109375,9.241872787475586
359,1,1000,1000,223.24456787109375,9.241872787475586
360,1,1000,1000,223.24456787109375,9.241872787475586
361,1,1000,1000,223.24456787109375,9.241872787475586
362,1,1000,1000,223.24456787109375,9.241872787475586
363,1,1000,1000,223.24456787109375,9.241872787475586
364,1,1000,1000,223.24456787109375,9.241872787475586
365,1,1000,1000,223.24456787109375,9.241872787475586
366,1,1000,1000,223.24456787109375,9.241872787475586
367,1,1000,1000,223.24456787109375,9.241872787475586
368,1,1000,1000,223.24456787109375,9.241872787475586
369,1,1000,1000,223.24456787109375,9.241872787475586
370,1,1000,1000,223.24456787109375,9.241872787475586
371,1,1000,1000,223.24456787109375,9.241872787475586
372,1,1000,1000,223.24456787109375,9.241872787475586
373,1,1000,1000,223.24456787109375,9.241872787475586
374,1,1000,1000,223.24456787109375,9.241872787475586
375,1,1000,1000,223.24456787109375,9.241872787475586
376,1,1000,1000,223.24456787109375,9.241872787475586
377,1,1000,1000,223.24456787109375,9.241872787475586
378,1,1000,1000,223.24456787109375,9.241872787475586
379,1,1000,1000,223.24456787109375,9.241872787475586
380,1,1000,1000,223.24456787109375,9.241872787475586
381,1,1000,1000,223.24456787109375,9.241872787475586
382,1,1000,1000,223.24456787109375,9.241872787475586
383,1,1000,1000,223.24456787109375,9.241872787475586
384,1,1000,1000,223.24456787109375,9.241872787475586
385,1,1000,1000,223.24456787109375,9.241872787475586
386,1,1000,1000,223.24456787109375,9.241872787475586
387,1,1000,1000,223.24456787109375,9.241872787475586
388,1,1000,1000,223.24456787109375,9.241872787475586
389,1,1000,1000,223.24456787109375,9.241872787475586
390,1,1000,1000,223.24456787109375,9.241872787475586
391,1,1000,1000,223.24456787109375,9.241872787475586
392,1,1000,1000,223.24456787109375,9.241872787475586
393,1,1000,1000,223.24456787109375,9.241872787475586
394,1,1000,1000,223.24456787109375,9.241872787475586
395,1,1000,1000,223.24456787109375,9.241872787475586
396,1,1000,1000,223.24456787109375,9.241872787475586
397,1,1000,1000,223.24456787109375,9.241872787475586
398,1,1000,1000,223.24456787109375,9.241872787475586
399,1,1000,1000,223.24456787109375,9.241872787475586
400,1,1000,1000,223.24456787109375,9.241872787475586
401,1,1000,1000,223.24456787109375,9.241872787475586
402,1,1000,1000,223.24456787109375,9.241872787475586
403,1,1000,1000,223.24456787109375,9.241872787475586
404,1,1000,1000,223.24456787109375,9.241872787475586
405,1,1000,1000,223.24456787109375,9.241872787475586
406,1,1000,1000,223.24456787109375,9.241872787475586
407,1,1000,1000,223.24456787109375,9.241872787475586
408,1,1000,1000,223.24456787109375,9.241872787475586
409,1,1000,1000,223.24456787109375,9.241872787475586
410,1,1000,1000,223.24456787109375,9.241872787475586
411,1,1000,1000,223.24456787109375,9.241872787475586
412,1,1000,1000,223.24456787109375,9.241872787475586
413,1,1000,1000,223.24456787109375,9.241872787475586
414,1,1000,1000,223.24456787109375,9.241872787475586
415,1,1000,1000,223.24456787109375,9.241872787475586
416,1,1000,1000,223.24456787109375,9.241872787475586
417,1,1000,1000,223.24456787109375,9.241872787475586
418,1,1000,1000,223.24456787109375,9.241872787475586
419,1,1000,1000,223.24456787109375,9.241872787475586
420,1,1000,1000,223.24456787109375,9.241872787475586
421,1,1000,1000,223.24456787109375,9.241872787475586
422,1,1000,1000,223.24456787109375,9.241872787475586
423,1,1000,1000,223.24456787109375,9.241872787475586
424,1,1000,1000,223.24456787109375,9.241872787475586
425,1,1000,1000,223.24456787109375,9.241872787475586
426,1,1000,1000,223.24456787109375,9.241872787475586
427,1,1000,1000,223.24456787109375,9.241872787475586
428,1,1000,1000,223.24456787109375,9.241872787475586
429,1,1000,1000,223.24456787109375,9.241872787475586
430,1,1000,1000,223.24456787109375,9.241872787475586
431,1,1000,1000,223.24456787109375,9.241872787475586
432,1,1000,1000,223.24456787109375,9.241872787475586
433,1,1000,1000,223.24456787109375,9.241872787475586
434,1,1000,1000,223.24456787109375,9.241872787475586
435,1,1000,1000,223.24456787109375,9.241872787475586
436,1,1000,1000,223.24456787109375,9.241872787475586
437,1,1000,1000,223.24456787109375,9.241872787475586
438,1,1000,1000,223.24456787109375,9.241872787475586
439,1,1000,1000,223.24456787109375,9.241872787475586
440,1,1000,1000,223.24456787109375,9.241872787475586
441,1,1000,1000,223.24456787109375,9.241872787475586
442,1,1000,1000,223.24456787109375,9.241872787475586
443,1,1000,1000,223.24456787109375,9.241872787475586
444,1,1000,1000,223.24456787109375,9.241872787475586
445,1,1000,1000,223.24456787109375,9.241872787475586
446,1,1000,1000,223.24456787109375,9.241872787475586
447,1,1000,1000,223.24456787109375,9.241872787475586
448,1,1000,1000,223.24456787109375,9.241872787475586
449,1,1000,1000,223.24456787109375,9.241872787475586
450,1,1000,1000,223.24456787109375,9.241872787475586
451,1,1000,1000,223.24456787109375,9.241872787475586
452,1,1000,1000,223.24456787109375,9.241872787475586
453,1,1000,1000,223.24456787109375,9.241872787475586
454,1,1000,1000,223.24456787109375,9.241872787475586
455,1,1000,1000,223.24456787109375,9.241872787475586
456,1,1000,1000,223.24456787109375,9.241872787475586
457,1,1000,1000,223.24456787109375,9.241872787475586
458,1,1000,1000,223.24456787109375,9.241872787475586
459,1,1000,1000,223.24456787109375,9.241872787475586
460,1,1000,1000,223.24456787109375,9.241872787475586
461,1,1000,1000,223.24456787109375,9.241872787475586
462,1,1000,1000,223.24456787109375,9.241872787475586
463,1,1000,1000,223.24456787109375,9.241872787475586
464,1,1000,1000,223.24456787109375,9.241872787475586
465,1,1000,1000,223.24456787109375,9.241872787475586
466,1,1000,1000,223.24456787109375,9.241872787475586
467,1,1000,1000,223.24456787109375,9.241872787475586
468,1,1000,1000,223.24456787109375,9.241872787475586
469,1,1000,1000,223.24456787109375,9.241872787475586
470,1,1000,1000,223.24456787109375,9.241872787475586
471,1,1000,1000,223.24456787109375,9.241872787475586
472,1,1000,1000,223.24456787109375,9.241872787475586
473,1,1000,1000,223.24456787109375,9.241872787475586
474,1,1000,1000,223.24456787109375,9.241872787475586
475,1,1000,1000,223.24456787109375,9.241872787475586
476,1,1000,1000,223.24456787109375,9.241872787475586
477,1,1000,1000,223.24456787109375,9.241872787475586
478,1,1000,1000,223.24456787109375,9.241872787475586
479,1,1000,1000,223.24456787109375,9.241872787475586
480,1,1000,1000,223.24456787109375,9.241872787475586
481,1,1000,1000,223.24456787109375,9.241872787475586
482,1,1000,1000,223.24456787109375,9.241872787475586
483,1,1000,1000,223.24456787109375,9.241872787475586
484,1,1000,1000,223.24456787109375,9.241872787475586
485,1,1000,1000,223.24456787109375,9.241872787475586
486,1,1000,1000,223.24456787109375,9.241872787475586
487,1,1000,1000,223.24456787109375,9.241872787475586
488,1,1000,1000,223.24456787109375,9.241872787475586
489,1,1000,1000,223.24456787109375,9.241872787475586
490,1,1000,1000,223.24456787109375,9.241872787475586
491,1,1000,1000,223.24456787109375,9.241872787475586
492,1,1000,1000,223.24456787109375,9.241872787475586
493,1,1000,1000,223.24456787109375,9.241872787475586
494,1,1000,1000,223.24456787109375,9.241872787475586
495,1,1000,1000,223.24456787109375,9.241872787475586
496,1,1000,1000,223.24456787109375,9.241872787475586
497,1,1000,1000,223.24456787109375,9.241872787475586
498,1,1000,1000,223.24456787109375,9.241872787475586
499,1,1000,1000,223.24456787109375,9.241872787475586
500,1,1000,1000,223.24456787109375,9.241872787475586
501,1,1000,1000,223.24456787109375,9.241872787475586
502,1,1000,1000,223.24456787109375,9.241872787475586
503,1,1000,1000,223.24456787109375,9.241872787475586
504,1,1000,1000,223.24456787109375,9.241872787475586
505,1,1000,1000,223.24456787109375,9.241872787475586
506,1,1000,1000,223.24456787109375,9.241872787475586
507,1,1000,1000,223.24456787109375,9.241872787475586
508,1,1000,1000,223.24456787109375,9.241872787475586
509,1,1000,1000,223.24456787109375,9.241872787475586
510,1,1000,1000,223.24456787109375,9.241872787475586
511,1,1000,1000,223.24456787109375,9.241872787475586
512,1,1000,1000,223.24456787109375,9.241872787475586
513,1,1000,1000,223.24456787109375,9.241872787475586
514,1,1000,1000,223.24456787109375,9.241872787475586
515,1,1000,1000,223.24456787109375,9.241872787475586
516,1,1000,1000,223.24456787109375,9.241872787475586
517,1,1000,1000,223.24456787109375,9.241872787475586
518,1,1000,1000,223.24456787109375,9.241872787475586
519,1,1000,1000,223.24456787109375,9.241872787475586
520,1,1000,1000,223.24456787109375,9.241872787475586
521,1,1000,1000,223.24456787109375,9.241872787475586
522,1,1000,1000,223.24456787109375,9.241872787475586
523,1,1000,1000,223.24456787109375,9.241872787475586
524,1,1000,1000,223.24456787109375,9.241872787475586
525,1,1000,1000,223.24456787109375,9.241872787475586
526,1,1000,1000,223.24456787109375,9.241872787475586
527,1,1000,1000,223.24456787109375,9.241872787475586
528,1,1000,1000,223.24456787109375,9.241872787475586
529,1,1000,1000,223.24456787109375,9.241872787475586
530,1,1000,1000,223.2445526123047,9.241872787475586
531,1,1000,1000,223.2445526123047,9.241868019104004
532,1,1000,1000,223.2445831298828,9.24185848236084
533,1,1000,1000,223.24468994140625,9.24184799194336
534,1,1000,1000,223.24481201171875,9.241841316223145
535,1,1000,1000,223.2448272705078,9.241840362548828
536,1,1000,1000,223.2447509765625,9.241840362548828
537,1,1000,1000,223.24462890625,9.241837501525879
538,1,1000,1000,223.2445068359375,9.241835594177246
539,1,1000,1000,223.24444580078125,9.241836547851562
540,1,1000,1000,223.2445068359375,9.241837501525879
541,1,1000,1000,223.24447631835938,9.241841316223145
542,1,1000,1000,223.2445526123047,9.241839408874512
543,1,1000,1000,223.24462890625,9.241829872131348
544,1,1000,1000,223.24465942382812,9.241828918457031
545,1,1000,1000,223.2447052001953,9.241837501525879
546,1,1000,1000,223.24468994140625,9.241848945617676
547,1,1000,1000,223.2447052001953,9.241854667663574
548,1,1000,1000,223.24465942382812,9.241849899291992
549,1,1000,1000,223.24459838867188,9.241847038269043
550,1,1000,1000,223.2444610595703,9.241846084594727
551,1,1000,1000,223.24453735351562,9.241847038269043
552,1,1000,1000,223.24462890625,9.241842269897461
553,1,1000,1000,223.24462890625,9.241844177246094
554,1,1000,1000,223.2446746826172,9.241849899291992
555,1,1000,1000,223.2447052001953,9.241851806640625
556,1,1000,1000,223.24478149414062,9.241840362548828
557,1,1000,1000,223.24485778808594,9.241837501525879
558,1,1000,1000,223.24484252929688,9.24183464050293
559,1,1000,1000,223.24484252929688,9.2418212890625
560,1,1000,1000,223.24481201171875,9.241817474365234
561,1,1000,1000,223.24476623535156,9.241827964782715
562,1,1000,1000,223.24505615234375,9.241842269897461
563,1,1000,1000,223.2159881591797,9.241852760314941
564,1,1000,1000,223.13754272460938,9.241850852966309
565,1,1000,1000,223.00250244140625,9.241841316223145
566,1,1000,1000,222.8111572265625,9.241840362548828
567,1,1000,1000,222.56655883789062,9.241829872131348
568,1,1000,1000,222.2711181640625,9.241827011108398
569,1,1000,1000,221.92596435546875,9.241829872131348
570,1,1000,1000,221.5310821533203,9.241832733154297
571,1,1000,1000,221.08558654785156,9.241830825805664
572,1,1000,1000,220.58876037597656,9.241825103759766
573,1,1000,1000,220.03994750976562,9.241826057434082
574,1,1000,1000,219.43893432617188,9.24181842803955
575,1,1000,1000,218.78546142578125,9.241819381713867
576,1,1000,1000,218.07968139648438,9.241815567016602
577,1,1000,1000,217.3218536376953,9.241822242736816
578,1,1000,1000,216.5126190185547,9.241829872131348
579,1,1000,1000,215.65432739257812,9.24182415008545
580,1,1000,1000,214.74844360351562,9.241816520690918
581,1,1000,1000,213.79571533203125,9.241812705993652
582,1,1000,1000,212.79617309570312,9.241806983947754
583,1,1000,1000,211.74993896484375,9.241802215576172
584,1,1000,1000,210.65701293945312,9.241805076599121
585,1,1000,1000,209.51644897460938,9.241808891296387
586,1,1000,1000,208.32696533203125,9.241806030273438
587,1,1000,1000,207.0883026123047,9.241791725158691
588,1,1000,1000,205.80410766601562,9.241788864135742
589,1,1000,1000,204.48388671875,9.241790771484375
590,1,1000,1000,203.1339874267578,9.241792678833008
591,1,1000,1000,201.7577667236328,9.241789817810059
592,1,1000,1000,200.35748291015625,9.24178409576416
593,1,1000,1000,198.9348907470703,9.241782188415527
594,1,1000,1000,197.49246215820312,9.241778373718262
595,1,1000,1000,196.03268432617188,9.24177360534668
596,1,1000,1000,194.55828857421875,9.241781234741211
597,1,1000,1000,193.07232666015625,9.241781234741211
598,1,1000,1000,191.57733154296875,9.24177360534668
599,1,1000,1000,190.0755615234375,9.241766929626465
600,1,1000,1000,188.56936645507812,9.241768836975098
601,1,1000,1000,187.06124877929688,9.241766929626465
602,1,1000,1000,185.5543975830078,9.241762161254883
603,1,1000,1000,184.05165100097656,9.24174976348877
604,1,1000,1000,182.55450439453125,9.24174690246582
605,1,1000,1000,181.06358337402344,9.241765022277832
606,1,1000,1000,179.57943725585938,9.241786003112793
607,1,1000,1000,178.10293579101562,9.241804122924805
608,1,1000,1000,176.63455200195312,9.241796493530273
609,1,1000,1000,175.17535400390625,9.241788864135742
610,1,1000,1000,173.72689819335938,9.24177074432373
611,1,1000,1000,172.28965759277344,9.2417573928833
612,1,1000,1000,170.86419677734375,9.241764068603516
613,1,1000,1000,169.45103454589844,9.241781234741211
614,1,1000,1000,168.05215454101562,9.241772651672363
615,1,1000,1000,166.66773986816406,9.241775512695312
616,1,1000,1000,165.29690551757812,9.24179458618164
617,1,1000,1000,163.93893432617188,9.241815567016602
618,1,1000,1000,162.59597778320312,9.241793632507324
619,1,1000,1000,161.26766967773438,9.241768836975098
620,1,1000,1000,159.9530792236328,9.241758346557617
621,1,1000,1000,158.6497802734375,9.241778373718262
622,1,1000,1000,157.35934448242188,9.241780281066895
623,1,1000,1000,156.0808563232422,9.241765022277832
624,1,1000,1000,154.81301879882812,9.24174690246582
625,1,1000,1000,153.55404663085938,9.24177360534668
626,1,1000,1000,152.30569458007812,9.24178409576416
627,1,1000,1000,151.06689453125,9.241778373718262
628,1,1000,1000,149.83529663085938,9.241806030273438
629,1,1000,1000,148.61325073242188,9.24176025390625
630,1,1000,1000,147.39956665039062,9.241722106933594
631,1,1000,1000,146.1905517578125,9.241722106933594
632,1,1000,1000,144.98489379882812,9.241779327392578
633,1,1000,1000,143.78375244140625,9.24183464050293
634,1,1000,1000,142.58795166015625,9.241838455200195
635,1,1000,1000,141.39942932128906,9.241792678833008
636,1,1000,1000,140.21495056152344,9.241786003112793
637,1,1000,1000,139.0335235595703,9.241767883300781
638,1,1000,1000,137.85423278808594,9.241759300231934
639,1,1000,1000,136.67782592773438,9.241738319396973
640,1,1000,1000,135.5034942626953,9.24177074432373
641,1,1000,1000,134.3285675048828,9.241815567016602
642,1,1000,1000,133.1459197998047,9.24181842803955
643,1,1000,1000,131.9514923095703,9.241768836975098
644,1,1000,1000,130.7450714111328,9.241744041442871
645,1,1000,1000,129.52896118164062,9.241721153259277
646,1,1000,1000,128.30711364746094,9.24174976348877
647,1,1000,1000,127.08432006835938,9.241765975952148
648,1,1000,1000,125.86708068847656,9.24178409576416
649,1,1000,1000,124.66056823730469,9.241752624511719
650,1,1000,1000,123.46746826171875,9.24177074432373
651,1,1000,1000,122.29039001464844,9.24180793762207
652,1,1000,1000,121.12953186035156,9.241761207580566
653,1,1000,1000,119.98750305175781,9.241747856140137
654,1,1000,1000,118.86402893066406,9.241719245910645
655,1,1000,1000,117.75973510742188,9.241700172424316
656,1,1000,1000,116.67535400390625,9.24170207977295
657,1,1000,1000,115.61154174804688,9.241732597351074
658,1,1000,1000,114.56898498535156,9.241790771484375
659,1,1000,1000,113.54617309570312,9.241830825805664
660,1,1000,1000,112.5396728515625,9.241826057434082
661,1,1000,1000,111.54550170898438,9.241801261901855
662,1,1000,1000,110.56028747558594,9.241769790649414
663,1,1000,1000,109.58248901367188,9.241724014282227
664,1,1000,1000,108.61079406738281,9.24173641204834
665,1,1000,1000,107.64474487304688,9.241787910461426
666,1,1000,1000,106.68437194824219,9.24180793762207
667,1,1000,1000,105.72984313964844,9.241830825805664
668,1,1000,1000,104.78094482421875,9.241806030273438
669,1,1000,1000,103.83763122558594,9.241816520690918
670,1,1000,1000,102.89884948730469,9.241780281066895
671,1,1000,1000,101.96536254882812,9.241783142089844
672,1,1000,1000,101.03672790527344,9.24177360534668
673,1,1000,1000,100.113037109375,9.241753578186035
674,1,1000,1000,99.19474792480469,9.241747856140137
675,1,1000,1000,98.28163146972656,9.241751670837402
676,1,1000,1000,97.37451171875,9.241786003112793
677,1,1000,1000,96.47410583496094,9.241788864135742
678,1,1000,1000,95.58140563964844,9.241803169250488
679,1,1000,1000,94.69879150390625,9.241817474365234
680,1,1000,1000,93.81967163085938,9.241819381713867
681,1,1000,1000,92.94143676757812,9.24181079864502
682,1,1000,1000,92.06747436523438,9.241796493530273
683,1,1000,1000,91.20036315917969,9.241756439208984
684,1,1000,1000,90.33946228027344,9.241750717163086
685,1,1000,1000,89.48472595214844,9.24174976348877
686,1,1000,1000,88.63636779785156,9.24176025390625
687,1,1000,1000,87.79454040527344,9.241777420043945
688,1,1000,1000,86.95994567871094,9.24179458618164
689,1,1000,1000,86.13249206542969,9.241826057434082
690,1,1000,1000,85.31126403808594,9.241828918457031
691,1,1000,1000,84.49736022949219,9.241764068603516
692,1,1000,1000,83.68988037109375,9.241747856140137
693,1,1000,1000,82.88865661621094,9.241766929626465
694,1,1000,1000,82.09402465820312,9.24178409576416
695,1,1000,1000,81.30668640136719,9.241791725158691
696,1,1000,1000,80.52558898925781,9.241781234741211
697,1,1000,1000,79.74978637695312,9.241788864135742
698,1,1000,1000,78.98028564453125,9.241785049438477
699,1,1000,1000,78.21676635742188,9.241774559020996
700,1,1000,1000,77.45925903320312,9.24178409576416
701,1,1000,1000,76.70716857910156,9.241799354553223
702,1,1000,1000,75.96096801757812,9.241803169250488
703,1,1000,1000,75.2208251953125,9.241815567016602
704,1,1000,1000,74.48603820800781,9.241816520690918
705,1,1000,1000,73.75581359863281,9.241796493530273
706,1,1000,1000,73.03096008300781,9.241768836975098
707,1,1000,1000,72.310791015625,9.241783142089844
708,1,1000,1000,71.595458984375,9.241786003112793
709,1,1000,1000,70.88496398925781,9.241813659667969
710,1,1000,1000,70.17854309082031,9.241859436035156
711,1,1000,1000,69.47714233398438,9.241837501525879
712,1,1000,1000,68.7802734375,9.241769790649414
713,1,1000,1000,68.08767700195312,9.241778373718262
714,1,1000,1000,67.39895629882812,9.241799354553223
715,1,1000,1000,66.71385192871094,9.241811752319336
716,1,1000,1000,66.03250122070312,9.241800308227539
717,1,1000,1000,65.35568237304688,9.24180793762207
718,1,1000,1000,64.68283081054688,9.241806030273438
719,1,1000,1000,64.01316833496094,9.241803169250488
720,1,1000,1000,63.346282958984375,9.241806030273438
721,1,1000,1000,62.683074951171875,9.241802215576172
722,1,1000,1000,62.02348327636719,9.24183177947998
723,1,1000,1000,61.367156982421875,9.241838455200195
724,1,1000,1000,60.71360778808594,9.241809844970703
725,1,1000,1000,60.06315612792969,9.241806983947754
726,1,1000,1000,59.41552734375,9.241801261901855
727,1,1000,1000,58.77032470703125,9.241816520690918
728,1,1000,1000,58.12779235839844,9.241820335388184
729,1,1000,1000,57.488311767578125,9.24178409576416
730,1,1000,1000,56.85136413574219,9.241769790649414
731,1,1000,1000,56.2161865234375,9.241780281066895
732,1,1000,1000,55.58335876464844,9.241826057434082
733,1,1000,1000,54.952606201171875,9.241869926452637
734,1,1000,1000,54.32447814941406,9.241873741149902
735,1,1000,1000,53.699127197265625,9.241837501525879
736,1,1000,1000,53.07566833496094,9.241783142089844
737,1,1000,1000,52.453643798828125,9.241771697998047
738,1,1000,1000,51.83384704589844,9.241774559020996
739,1,1000,1000,51.21598815917969,9.241825103759766
740,1,1000,1000,50.60003662109375,9.241874694824219
741,1,1000,1000,49.98609924316406,9.241853713989258
742,1,1000,1000,49.37437438964844,9.241803169250488
743,1,1000,1000,48.763946533203125,9.241765975952148
744,1,1000,1000,48.15489196777344,9.241769790649414
745,1,1000,1000,47.54725646972656,9.241779327392578
746,1,1000,1000,46.9407958984375,9.241803169250488
747,1,1000,1000,46.33659362792969,9.241803169250488
748,1,1000,1000,45.73295593261719,9.241805076599121
749,1,1000,1000,45.130218505859375,9.24179458618164
750,1,1000,1000,44.52903747558594,9.24181079864502
751,1,1000,1000,43.929656982421875,9.241805076599121
752,1,1000,1000,43.33177185058594,9.241793632507324
753,1,1000,1000,42.733856201171875,9.241800308227539
754,1,1000,1000,42.13739013671875,9.241772651672363
755,1,1000,1000,41.542388916015625,9.241774559020996
756,1,1000,1000,40.94837951660156,9.241816520690918
757,1,1000,1000,40.355133056640625,9.241860389709473
758,1,1000,1000,39.76318359375,9.24185562133789
759,1,1000,1000,39.17204284667969,9.241851806640625
760,1,1000,1000,38.58198547363281,9.241829872131348
761,1,1000,1000,37.99250030517578,9.241809844970703
762,1,1000,1000,37.40386199951172,9.241792678833008
763,1,1000,1000,36.81584930419922,9.241780281066895
764,1,1000,1000,36.228355407714844,9.241776466369629
765,1,1000,1000,35.64105987548828,9.241801261901855
766,1,1000,1000,35.05491638183594,9.24181842803955
767,1,1000,1000,34.47007751464844,9.241802215576172
768,1,1000,1000,33.88581085205078,9.241779327392578
769,1,1000,1000,33.30125427246094,9.241793632507324
770,1,1000,1000,32.7169189453125,9.241829872131348
771,1,1000,1000,32.13397216796875,9.241806983947754
772,1,1000,1000,31.5518798828125,9.241811752319336
773,1,1000,1000,30.969833374023438,9.241813659667969
774,1,1000,1000,30.38855743408203,9.241815567016602
775,1,1000,1000,29.807388305664062,9.241823196411133
776,1,1000,1000,29.22624969482422,9.241819381713867
777,1,1000,1000,28.645469665527344,9.241836547851562
778,1,1000,1000,28.065040588378906,9.241835594177246
779,1,1000,1000,27.48480224609375,9.241809844970703
780,1,1000,1000,26.904373168945312,9.241805076599121
781,1,1000,1000,26.324310302734375,9.24181079864502
782,1,1000,1000,25.74512481689453,9.241813659667969
783,1,1000,1000,25.166168212890625,9.24183177947998
784,1,1000,1000,24.58722686767578,9.241839408874512
785,1,1000,1000,24.00861358642578,9.241814613342285
786,1,1000,1000,23.4302978515625,9.241800308227539
787,1,1000,1000,22.852264404296875,9.241801261901855
788,1,1000,1000,22.274803161621094,9.24180793762207
789,1,1000,1000,21.69762420654297,9.241806030273438
790,1,1000,1000,21.120407104492188,9.241819381713867
791,1,1000,1000,20.543716430664062,9.241825103759766
792,1,1000,1000,19.967666625976562,9.241808891296387
793,1,1000,1000,19.391433715820312,9.241806030273438
794,1,1000,1000,18.814743041992188,9.241802215576172
795,1,1000,1000,18.237411499023438,9.241809844970703
796,1,1000,1000,17.659263610839844,9.241832733154297
797,1,1000,1000,17.081619262695312,9.24182415008545
798,1,1000,1000,16.504440307617188,9.241837501525879
799,1,1000,1000,15.926620483398438,9.24185562133789
800,1,1000,1000,15.347969055175781,9.24183177947998
801,1,1000,1000,14.76934814453125,9.24179458618164
802,1,1000,1000,14.190116882324219,9.241776466369629
803,1,1000,1000,13.609481811523438,9.241814613342285
804,1,1000,1000,13.028396606445312,9.241806983947754
805,1,1000,1000,12.447486877441406,9.241800308227539
806,1,1000,1000,11.8663330078125,9.241768836975098
807,1,1000,1000,11.284507751464844,9.241744995117188
808,1,1000,1000,10.700386047363281,9.241779327392578
809,1,1000,1000,10.113967895507812,9.241764068603516
810,1,1000,1000,9.526512145996094,9.241756439208984
811,1,1000,1000,8.937873840332031,9.241769790649414
812,1,1000,1000,8.347618103027344,9.241802215576172
813,1,1000,1000,7.754829406738281,9.241837501525879
814,1,1000,1000,7.1592254638671875,9.241883277893066
815,1,1000,1000,6.5617828369140625,9.241826057434082
816,1,1000,1000,5.96624755859375,9.24177360534668
817,1,1000,1000,5.374542236328125,9.241759300231934
818,1,1000,1000,4.7868804931640625,9.241774559020996
819,1,1000,1000,4.2026824951171875,9.241813659667969
820,1,1000,1000,3.6214523315429688,9.24181079864502
821,1,1000,1000,3.0429763793945312,9.241836547851562
822,1,1000,1000,2.46710205078125,9.241854667663574
823,1,1000,1000,1.8936004638671875,9.241837501525879
824,1,1000,1000,1.3224258422851562,9.241825103759766
825,1,1000,1000,0.7534027099609375,9.241799354553223
826,1,1000,1000,0.1865386962890625,9.241783142089844
827,1,1000,1000,359.6216735839844,9.241790771484375
828,1,1000,1000,359.05865478515625,9.241785049438477
829,1,1000,1000,358.4974060058594,9.241782188415527
830,1,1000,1000,357.9378356933594,9.2417631149292
831,1,1000,1000,357.37982177734375,9.241769790649414
832,1,1000,1000,356.8232116699219,9.241806983947754
833,1,1000,1000,356.2679443359375,9.241816520690918
834,1,1000,1000,355.71392822265625,9.241806983947754
835,1,1000,1000,355.1612854003906,9.241786003112793
836,1,1000,1000,354.60992431640625,9.241779327392578
837,1,1000,1000,354.05950927734375,9.241756439208984
838,1,1000,1000,353.51019287109375,9.241768836975098
839,1,1000,1000,352.9617919921875,9.241779327392578
840,1,1000,1000,352.41436767578125,9.241790771484375
841,1,1000,1000,351.86798095703125,9.241864204406738
842,1,1000,1000,351.322509765625,9.241889953613281
843,1,1000,1000,350.7778625488281,9.241864204406738
844,1,1000,1000,350.2340087890625,9.241815567016602
845,1,1000,1000,349.6910400390625,9.241778373718262
846,1,1000,1000,349.14892578125,9.241732597351074
847,1,1000,1000,348.607666015625,9.241767883300781
848,1,1000,1000,348.067138671875,9.241801261901855
849,1,1000,1000,347.52734375,9.2418212890625
850,1,1000,1000,346.98846435546875,9.241816520690918
851,1,1000,1000,346.450927734375,9.241791725158691
852,1,1000,1000,345.91461181640625,9.241765975952148
853,1,1000,1000,345.3794250488281,9.241782188415527
854,1,1000,1000,344.84466552734375,9.241826057434082
855,1,1000,1000,344.31158447265625,9.241846084594727
856,1,1000,1000,343.78021240234375,9.241827011108398
857,1,1000,1000,343.2502136230469,9.241787910461426
858,1,1000,1000,342.72198486328125,9.24179744720459
859,1,1000,1000,342.1955871582031,9.241796493530273
860,1,1000,1000,341.6710205078125,9.241843223571777
861,1,1000,1000,341.1490478515625,9.2418212890625
862,1,1000,1000,340.62841796875,9.241805076599121
863,1,1000,1000,340.1093444824219,9.241798400878906
864,1,1000,1000,339.5921630859375,9.24179458618164
865,1,1000,1000,339.0769958496094,9.2417573928833
866,1,1000,1000,338.56329345703125,9.241815567016602
867,1,1000,1000,338.05169677734375,9.241848945617676
868,1,1000,1000,337.5420227050781,9.241809844970703
869,1,1000,1000,337.03387451171875,9.241752624511719
870,1,1000,1000,336.5267333984375,9.241808891296387
871,1,1000,1000,336.0217590332031,9.241844177246094
872,1,1000,1000,335.5184631347656,9.241850852966309
873,1,1000,1000,335.0163879394531,9.241827964782715
874,1,1000,1000,334.5157165527344,9.24178409576416
875,1,1000,1000,334.0162658691406,9.241761207580566
876,1,1000,1000,333.51806640625,9.241775512695312
877,1,1000,1000,333.02117919921875,9.241786003112793
878,1,1000,1000,332.525634765625,9.241829872131348
879,1,1000,1000,332.0316162109375,9.241843223571777
880,1,1000,1000,331.53875732421875,9.241814613342285
881,1,1000,1000,331.0470275878906,9.241781234741211
882,1,1000,1000,330.555908203125,9.24179458618164
883,1,1000,1000,330.06689453125,9.241827964782715
884,1,1000,1000,329.5787048339844,9.241844177246094
885,1,1000,1000,329.0917663574219,9.24183464050293
886,1,1000,1000,328.6060791015625,9.24180793762207
887,1,1000,1000,328.1207580566406,9.241812705993652
888,1,1000,1000,327.63671875,9.241827011108398
889,1,1000,1000,327.1537780761719,9.241789817810059
890,1,1000,1000,326.6713562011719,9.241804122924805
891,1,1000,1000,326.1898193359375,9.241812705993652
892,1,1000,1000,325.70904541015625,9.241836547851562
893,1,1000,1000,325.2295837402344,9.24184513092041
894,1,1000,1000,324.75054931640625,9.241803169250488
895,1,1000,1000,324.2720642089844,9.241774559020996
896,1,1000,1000,323.79486083984375,9.241742134094238
897,1,1000,1000,323.318359375,9.241776466369629
898,1,1000,1000,322.84234619140625,9.24182415008545
899,1,1000,1000,322.3669128417969,9.241856575012207
900,1,1000,1000,321.89312744140625,9.241844177246094
901,1,1000,1000,321.4203186035156,9.241777420043945
902,1,1000,1000,320.94744873046875,9.241759300231934
903,1,1000,1000,320.4748840332031,9.241765975952148
904,1,1000,1000,320.00335693359375,9.24179458618164
905,1,1000,1000,319.53265380859375,9.241822242736816
906,1,1000,1000,319.0621032714844,9.241875648498535
907,1,1000,1000,318.59210205078125,9.241873741149902
908,1,1000,1000,318.1226501464844,9.241851806640625
909,1,1000,1000,317.65325927734375,9.241798400878906
910,1,1000,1000,317.1840515136719,9.24178409576416
911,1,1000,1000,316.7155456542969,9.241740226745605
912,1,1000,1000,316.2468566894531,9.241758346557617
913,1,1000,1000,315.7783203125,9.241809844970703
914,1,1000,1000,315.3108215332031,9.241861343383789
915,1,1000,1000,314.84423828125,9.241829872131348
916,1,1000,1000,314.37744140625,9.241802215576172
917,1,1000,1000,313.91046142578125,9.241783142089844
918,1,1000,1000,313.44342041015625,9.241813659667969
919,1,1000,1000,312.9762878417969,9.2418212890625
920,1,1000,1000,312.5105285644531,9.241803169250488
921,1,1000,1000,312.04412841796875,9.241801261901855
922,1,1000,1000,311.578369140625,9.241806983947754
923,1,1000,1000,311.11273193359375,9.241803169250488
924,1,1000,1000,310.647216796875,9.241786003112793
925,1,1000,1000,310.1811828613281,9.241774559020996
926,1,1000,1000,309.7145080566406,9.2418212890625
927,1,1000,1000,309.2485046386719,9.241853713989258
928,1,1000,1000,308.7825622558594,9.24186897277832
929,1,1000,1000,308.3172607421875,9.241830825805664
930,1,1000,1000,307.85205078125,9.241752624511719
931,1,1000,1000,307.3863525390625,9.241694450378418
932,1,1000,1000,306.9205322265625,9.241744041442871
933,1,1000,1000,306.4545593261719,9.241828918457031
934,1,1000,1000,305.9888000488281,9.241887092590332
935,1,1000,1000,305.5234375,9.241893768310547
936,1,1000,1000,305.0585632324219,9.241864204406738
937,1,1000,1000,304.59320068359375,9.241837501525879
938,1,1000,1000,304.12762451171875,9.241775512695312
939,1,1000,1000,303.6614074707031,9.241804122924805
940,1,1000,1000,303.1946105957031,9.241802215576172
941,1,1000,1000,302.7264099121094,9.241826057434082
942,1,1000,1000,302.2588195800781,9.241825103759766
943,1,1000,1000,301.7908630371094,9.241835594177246
944,1,1000,1000,301.32220458984375,9.241795539855957
945,1,1000,1000,300.8520812988281,9.24181079864502
946,1,1000,1000,300.3822937011719,9.241800308227539
947,1,1000,1000,299.91168212890625,9.241814613342285
948,1,1000,1000,299.4397277832031,9.24183464050293
949,1,1000,1000,298.9677429199219,9.241827964782715
950,1,1000,1000,298.4945068359375,9.241842269897461
951,1,1000,1000,298.0204772949219,9.241851806640625
952,1,1000,1000,297.5467834472656,9.241825103759766
953,1,1000,1000,297.072998046875,9.241790771484375
954,1,1000,1000,296.5977783203125,9.241820335388184
955,1,1000,1000,296.121826171875,9.24183177947998
956,1,1000,1000,295.64556884765625,9.241780281066895
957,1,1000,1000,295.168212890625,9.2417573928833
958,1,1000,1000,294.6908264160156,9.241759300231934
959,1,1000,1000,294.21209716796875,9.241796493530273
960,1,1000,1000,293.7325134277344,9.241801261901855
961,1,1000,1000,293.25274658203125,9.241788864135742
962,1,1000,1000,292.7720947265625,9.24183177947998
963,1,1000,1000,292.2917175292969,9.241819381713867
964,1,1000,1000,291.8109436035156,9.241828918457031
965,1,1000,1000,291.3285827636719,9.241868019104004
966,1,1000,1000,290.8458251953125,9.24186897277832
967,1,1000,1000,290.36328125,9.241853713989258
968,1,1000,1000,289.8807373046875,9.241814613342285
969,1,1000,1000,289.3959655761719,9.241771697998047
970,1,1000,1000,288.90869140625,9.241756439208984
971,1,1000,1000,288.419189453125,9.241786003112793
972,1,1000,1000,287.92950439453125,9.241759300231934
973,1,1000,1000,287.43975830078125,9.241768836975098
974,1,1000,1000,286.94903564453125,9.241811752319336
975,1,1000,1000,286.45648193359375,9.241854667663574
976,1,1000,1000,285.96221923828125,9.241889953613281
977,1,1000,1000,285.4676208496094,9.241860389709473
978,1,1000,1000,284.9718322753906,9.24184513092041
979,1,1000,1000,284.47406005859375,9.241809844970703
980,1,1000,1000,283.97607421875,9.241762161254883
981,1,1000,1000,283.4771728515625,9.241762161254883
982,1,1000,1000,282.9765319824219,9.241799354553223
983,1,1000,1000,282.47406005859375,9.241819381713867
984,1,1000,1000,281.96990966796875,9.24179744720459
985,1,1000,1000,281.463623046875,9.241827964782715
986,1,1000,1000,280.95477294921875,9.241830825805664
987,1,1000,1000,280.4438781738281,9.241772651672363
988,1,1000,1000,279.9302673339844,9.241765975952148
989,1,1000,1000,279.4132385253906,9.241813659667969
990,1,1000,1000,278.8935546875,9.241802215576172
991,1,1000,1000,278.3731384277344,9.241779327392578
992,1,1000,1000,277.85455322265625,9.241724967956543
993,1,1000,1000,277.3395690917969,9.241705894470215
994,1,1000,1000,276.8283996582031,9.24174690246582
995,1,1000,1000,276.3205871582031,9.241776466369629
996,1,1000,1000,275.8155212402344,9.24183177947998
997,1,1000,1000,275.3128967285156,9.241850852966309
998,1,1000,1000,274.81243896484375,9.241841316223145
999,1,1000,1000,274.31396484375,9.241854667663574
1000,1,1000,1000,273.8173522949219,9.241877555847168
1001,1,1000,1000,273.3224182128906,9.241856575012207
1002,1,1000,1000,272.828857421875,9.241774559020996
1003,1,1000,1000,272.336669921875,9.241748809814453
1004,1,1000,1000,271.8455505371094,9.241785049438477
1005,1,1000,1000,271.35546875,9.241853713989258
1006,1,1000,1000,270.8663635253906,9.24184799194336
1007,1,1000,1000,270.3780212402344,9.241808891296387
1008,1,1000,1000,269.8902893066406,9.241769790649414
1009,1,1000,1000,269.40301513671875,9.241790771484375
1010,1,1000,1000,268.9159851074219,9.241768836975098
1011,1,1000,1000,268.4294738769531,9.241737365722656
1012,1,1000,1000,267.94329833984375,9.24181842803955
1013,1,1000,1000,267.4573669433594,9.24183464050293
1014,1,1000,1000,266.9716796875,9.241851806640625
1015,1,1000,1000,266.4861145019531,9.241840362548828
1016,1,1000,1000,266.00067138671875,9.2418212890625
1017,1,1000,1000,265.51531982421875,9.24184799194336
1018,1,1000,1000,265.0300598144531,9.241863250732422
1019,1,1000,1000,264.5449523925781,9.241846084594727
1020,1,1000,1000,264.0599060058594,9.2418212890625
1021,1,1000,1000,263.574951171875,9.241801261901855
1022,1,1000,1000,263.0901184082031,9.241813659667969
1023,1,1000,1000,262.60540771484375,9.2417631149292
1024,1,1000,1000,262.1208801269531,9.241780281066895
1025,1,1000,1000,261.6364440917969,9.24178409576416
1026,1,1000,1000,261.1520690917969,9.241744041442871
1027,1,1000,1000,260.6678466796875,9.241788864135742
1028,1,1000,1000,260.18377685546875,9.241840362548828
1029,1,1000,1000,259.69970703125,9.241876602172852
1030,1,1000,1000,259.2157897949219,9.241843223571777
1031,1,1000,1000,258.7320251464844,9.241841316223145
1032,1,1000,1000,258.2484130859375,9.24184799194336
1033,1,1000,1000,257.7649841308594,9.241823196411133
1034,1,1000,1000,257.28173828125,9.241795539855957
1035,1,1000,1000,256.798583984375,9.241764068603516
1036,1,1000,1000,256.31561279296875,9.241753578186035
1037,1,1000,1000,255.8328094482422,9.241777420043945
1038,1,1000,1000,255.35012817382812,9.241785049438477
1039,1,1000,1000,254.86752319335938,9.241792678833008
1040,1,1000,1000,254.38499450683594,9.241836547851562
1041,1,1000,1000,253.9027099609375,9.241841316223145
1042,1,1000,1000,253.42051696777344,9.241820335388184
1043,1,1000,1000,252.93846130371094,9.241775512695312
1044,1,1000,1000,252.45652770996094,9.241766929626465
1045,1,1000,1000,251.974853515625,9.241851806640625
1046,1,1000,1000,251.49337768554688,9.241903305053711
1047,1,1000,1000,251.011962890625,9.241939544677734
1048,1,1000,1000,250.5308380126953,9.241890907287598
1049,1,1000,1000,250.05003356933594,9.241837501525879
1050,1,1000,1000,249.56935119628906,9.241848945617676
1051,1,1000,1000,249.08950805664062,9.241827964782715
1052,1,1000,1000,248.61045837402344,9.241839408874512
1053,1,1000,1000,248.13241577148438,9.241833686828613
1054,1,1000,1000,247.65496826171875,9.241843223571777
1055,1,1000,1000,247.17813110351562,9.241829872131348
1056,1,1000,1000,246.70220947265625,9.241860389709473
1057,1,1000,1000,246.22747802734375,9.241851806640625
1058,1,1000,1000,245.75335693359375,9.241814613342285
1059,1,1000,1000,245.28042602539062,9.241765022277832
1060,1,1000,1000,244.8092041015625,9.241755485534668
1061,1,1000,1000,244.3385772705078,9.241813659667969
1062,1,1000,1000,243.86874389648438,9.241864204406738
1063,1,1000,1000,243.40049743652344,9.241861343383789
1064,1,1000,1000,242.9334716796875,9.241829872131348
1065,1,1000,1000,242.46798706054688,9.241790771484375
1066,1,1000,1000,242.0033416748047,9.24179744720459
1067,1,1000,1000,241.53921508789062,9.241837501525879
1068,1,1000,1000,241.0758056640625,9.24185562133789
1069,1,1000,1000,240.61386108398438,9.241863250732422
1070,1,1000,1000,240.15359497070312,9.241838455200195
1071,1,1000,1000,239.69424438476562,9.241828918457031
1072,1,1000,1000,239.23585510253906,9.241783142089844
1073,1,1000,1000,238.77816772460938,9.241825103759766
1074,1,1000,1000,238.32144165039062,9.241817474365234
1075,1,1000,1000,237.86473083496094,9.241867065429688
1076,1,1000,1000,237.40896606445312,9.241874694824219
1077,1,1000,1000,236.95458984375,9.241788864135742
1078,1,1000,1000,236.50106811523438,9.241730690002441
1079,1,1000,1000,236.04818725585938,9.241744041442871
1080,1,1000,1000,235.59591674804688,9.241774559020996
1081,1,1000,1000,235.14419555664062,9.241815567016602
1082,1,1000,1000,234.69345092773438,9.241832733154297
1083,1,1000,1000,234.24337768554688,9.241829872131348
1084,1,1000,1000,233.794189453125,9.241854667663574
1085,1,1000,1000,233.3455047607422,9.241861343383789
1086,1,1000,1000,232.89669799804688,9.241841316223145
1087,1,1000,1000,232.4485321044922,9.241844177246094
1088,1,1000,1000,232.00082397460938,9.24181842803955
1089,1,1000,1000,231.55325317382812,9.241827011108398
1090,1,1000,1000,231.10595703125,9.241813659667969
1091,1,1000,1000,230.65988159179688,9.241800308227539
1092,1,1000,1000,230.2139129638672,9.24177074432373
1093,1,1000,1000,229.76707458496094,9.241848945617676
1094,1,1000,1000,229.32110595703125,9.2418212890625
1095,1,1000,1000,228.8758544921875,9.241764068603516
1096,1,1000,1000,228.43048095703125,9.2417631149292
1097,1,1000,1000,227.98509216308594,9.241768836975098
1098,1,1000,1000,227.53985595703125,9.241802215576172
1099,1,1000,1000,227.09445190429688,9.241822242736816
1100,1,1000,1000,226.64988708496094,9.241832733154297
1101,1,1000,1000,226.20492553710938,9.241859436035156
1102,1,1000,1000,225.76016235351562,9.241827964782715
1103,1,1000,1000,225.31556701660156,9.241804122924805
1104,1,1000,1000,224.8710174560547,9.2418212890625
1105,1,1000,1000,224.42672729492188,9.241847038269043
1106,1,1000,1000,223.98333740234375,9.241859436035156
1107,1,1000,1000,223.54095458984375,9.241830825805664
1108,1,1000,1000,223.09750366210938,9.241819381713867
1109,1,1000,1000,222.654541015625,9.241838455200195
1110,1,1000,1000,222.21209716796875,9.241848945617676
1111,1,1000,1000,221.7691192626953,9.2418212890625
1112,1,1000,1000,221.32586669921875,9.241792678833008
1113,1,1000,1000,220.88279724121094,9.241830825805664
1114,1,1000,1000,220.44027709960938,9.241823196411133
1115,1,1000,1000,219.99777221679688,9.241813659667969
1116,1,1000,1000,219.554443359375,9.24178409576416
1117,1,1000,1000,219.111328125,9.241740226745605
1118,1,1000,1000,218.66766357421875,9.241758346557617
1119,1,1000,1000,218.223876953125,9.241792678833008
1120,1,1000,1000,217.78025817871094,9.241783142089844
1121,1,1000,1000,217.33636474609375,9.2417631149292
1122,1,1000,1000,216.8919677734375,9.241753578186035
1123,1,1000,1000,216.44712829589844,9.241745948791504
1124,1,1000,1000,216.0015411376953,9.24181079864502
1125,1,1000,1000,215.5562744140625,9.241874694824219
1126,1,1000,1000,215.1105194091797,9.241850852966309
1127,1,1000,1000,214.6640625,9.24187183380127
1128,1,1000,1000,214.2168426513672,9.241859436035156
1129,1,1000,1000,213.76873779296875,9.241827964782715
1130,1,1000,1000,213.32083129882812,9.241816520690918
1131,1,1000,1000,212.87289428710938,9.241753578186035
1132,1,1000,1000,212.42428588867188,9.241761207580566
1133,1,1000,1000,211.974609375,9.24179744720459
1134,1,1000,1000,211.5248565673828,9.241805076599121
1135,1,1000,1000,211.07455444335938,9.241808891296387
1136,1,1000,1000,210.62371826171875,9.241809844970703
1137,1,1000,1000,210.17274475097656,9.24179458618164
1138,1,1000,1000,209.72076416015625,9.24184799194336
1139,1,1000,1000,209.2687225341797,9.241836547851562
1140,1,1000,1000,208.816650390625,9.241827011108398
1141,1,1000,1000,208.36366271972656,9.241827964782715
1142,1,1000,1000,207.9107666015625,9.241804122924805
1143,1,1000,1000,207.45790100097656,9.241808891296387
1144,1,1000,1000,207.00363159179688,9.241822242736816
1145,1,1000,1000,206.5477294921875,9.241854667663574
1146,1,1000,1000,206.09124755859375,9.241857528686523
1147,1,1000,1000,205.63400268554688,9.241872787475586
1148,1,1000,1000,205.17630004882812,9.241853713989258
1149,1,1000,1000,204.71835327148438,9.241816520690918
1150,1,1000,1000,204.25885009765625,9.241782188415527
1151,1,1000,1000,203.797607421875,9.241809844970703
1152,1,1000,1000,203.33438110351562,9.241862297058105
1153,1,1000,1000,202.87063598632812,9.24186897277832
1154,1,1000,1000,202.4066925048828,9.241890907287598
1155,1,1000,1000,201.94229125976562,9.241888999938965
1156,1,1000,1000,201.47628784179688,9.241853713989258
1157,1,1000,1000,201.00836181640625,9.241864204406738
1158,1,1000,1000,200.54080200195312,9.241838455200195
1159,1,1000,1000,200.07379150390625,9.241752624511719
1160,1,1000,1000,199.60525512695312,9.241716384887695
1161,1,1000,1000,199.13438415527344,9.241753578186035
1162,1,1000,1000,198.66177368164062,9.241816520690918
1163,1,1000,1000,198.18899536132812,9.241841316223145
1164,1,1000,1000,197.71612548828125,9.241852760314941
1165,1,1000,1000,197.241455078125,9.241813659667969
1166,1,1000,1000,196.7644805908203,9.24183177947998
1167,1,1000,1000,196.28648376464844,9.24183464050293
1168,1,1000,1000,195.80850219726562,9.241841316223145
1169,1,1000,1000,195.32835388183594,9.241836547851562
1170,1,1000,1000,194.84552001953125,9.241853713989258
1171,1,1000,1000,194.3607177734375,9.241865158081055
1172,1,1000,1000,193.87466430664062,9.241860389709473
1173,1,1000,1000,193.38821411132812,9.24178409576416
1174,1,1000,1000,192.9002685546875,9.241739273071289
1175,1,1000,1000,192.40960693359375,9.241740226745605
1176,1,1000,1000,191.91635131835938,9.241776466369629
1177,1,1000,1000,191.421142578125,9.241793632507324
1178,1,1000,1000,190.92422485351562,9.241779327392578
1179,1,1000,1000,190.42489624023438,9.241800308227539
1180,1,1000,1000,189.92343139648438,9.24178409576416
1181,1,1000,1000,189.41934204101562,9.241790771484375
1182,1,1000,1000,188.91387939453125,9.241764068603516
1183,1,1000,1000,188.40997314453125,9.241740226745605
1184,1,1000,1000,187.90951538085938,9.241754531860352
1185,1,1000,1000,187.4130096435547,9.241826057434082
1186,1,1000,1000,186.91954040527344,9.241883277893066
1187,1,1000,1000,186.42904663085938,9.241847038269043
1188,1,1000,1000,185.9405517578125,9.241787910461426
1189,1,1000,1000,185.45416259765625,9.241742134094238
1190,1,1000,1000,184.9696807861328,9.241739273071289
1191,1,1000,1000,184.487060546875,9.241774559020996
1192,1,1000,1000,184.006103515625,9.241808891296387
1193,1,1000,1000,183.5264892578125,9.241801261901855
1194,1,1000,1000,183.0478973388672,9.241847038269043
1195,1,1000,1000,182.57034301757812,9.241881370544434
1196,1,1000,1000,182.09347534179688,9.241868019104004
1197,1,1000,1000,181.6173095703125,9.241813659667969
1198,1,1000,1000,181.14183044433594,9.241775512695312
1199,1,1000,1000,180.66650390625,9.241803169250488
1200,1,1000,1000,180.19163513183594,9.241835594177246
1201,1,1000,1000,179.71697998046875,9.241822242736816
1202,1,1000,1000,179.2425537109375,9.241786003112793
1203,1,1000,1000,178.76821899414062,9.241787910461426
1204,1,1000,1000,178.2939453125,9.241792678833008
1205,1,1000,1000,177.81961059570312,9.241786003112793
1206,1,1000,1000,177.34535217285156,9.241789817810059
1207,1,1000,1000,176.87127685546875,9.241795539855957
1208,1,1000,1000,176.39727783203125,9.241792678833008
1209,1,1000,1000,175.92298889160156,9.241813659667969
1210,1,1000,1000,175.44879150390625,9.241830825805664
1211,1,1000,1000,174.9744873046875,9.241832733154297
1212,1,1000,1000,174.49998474121094,9.241827964782715
1213,1,1000,1000,174.02566528320312,9.241805076599121
1214,1,1000,1000,173.55136108398438,9.241796493530273
1215,1,1000,1000,173.07705688476562,9.241809844970703
1216,1,1000,1000,172.60276794433594,9.241851806640625
1217,1,1000,1000,172.1287078857422,9.241862297058105
1218,1,1000,1000,171.65463256835938,9.241847038269043
1219,1,1000,1000,171.18051147460938,9.241828918457031
1220,1,1000,1000,170.7064971923828,9.241816520690918
1221,1,1000,1000,170.232421875,9.241795539855957
1222,1,1000,1000,169.75833129882812,9.241806983947754
1223,1,1000,1000,169.28416442871094,9.241808891296387
1224,1,1000,1000,168.8099822998047,9.241812705993652
1225,1,1000,1000,168.33584594726562,9.2418212890625
1226,1,1000,1000,167.86181640625,9.241812705993652
1227,1,1000,1000,167.38800048828125,9.241796493530273
1228,1,1000,1000,166.914306640625,9.241793632507324
1229,1,1000,1000,166.440673828125,9.241804122924805
1230,1,1000,1000,165.9672393798828,9.241826057434082
1231,1,1000,1000,165.49359130859375,9.241830825805664
1232,1,1000,1000,165.01992797851562,9.241833686828613
1233,1,1000,1000,164.5465087890625,9.241813659667969
1234,1,1000,1000,164.07305908203125,9.24178695678711
1235,1,1000,1000,163.5997314453125,9.24178409576416
1236,1,1000,1000,163.12649536132812,9.241786003112793
1237,1,1000,1000,162.65313720703125,9.24179458618164
1238,1,1000,1000,162.1798858642578,9.241813659667969
1239,1,1000,1000,161.70657348632812,9.24183464050293
1240,1,1000,1000,161.23353576660156,9.241854667663574
1241,1,1000,1000,160.7606658935547,9.241867065429688
1242,1,1000,1000,160.2877197265625,9.241833686828613
1243,1,1000,1000,159.81466674804688,9.241814613342285
1244,1,1000,1000,159.34182739257812,9.241806983947754
1245,1,1000,1000,158.86920166015625,9.24181079864502
1246,1,1000,1000,158.39706420898438,9.241782188415527
1247,1,1000,1000,157.92543029785156,9.241761207580566
1248,1,1000,1000,157.45407104492188,9.241793632507324
1249,1,1000,1000,156.98382568359375,9.241806030273438
1250,1,1000,1000,156.51405334472656,9.2418212890625
1251,1,1000,1000,156.04531860351562,9.241833686828613
1252,1,1000,1000,155.57798767089844,9.24181842803955
1253,1,1000,1000,155.11129760742188,9.241813659667969
1254,1,1000,1000,154.64596557617188,9.241781234741211
1255,1,1000,1000,154.18165588378906,9.241808891296387
1256,1,1000,1000,153.71841430664062,9.241826057434082
1257,1,1000,1000,153.2560577392578,9.24183177947998
1258,1,1000,1000,152.79454040527344,9.241836547851562
1259,1,1000,1000,152.3340606689453,9.241840362548828
1260,1,1000,1000,151.87472534179688,9.241833686828613
1261,1,1000,1000,151.41641235351562,9.24183177947998
1262,1,1000,1000,150.95921325683594,9.241829872131348
1263,1,1000,1000,150.50311279296875,9.241826057434082
1264,1,1000,1000,150.04788208007812,9.24182415008545
1265,1,1000,1000,149.59393310546875,9.241815567016602
1266,1,1000,1000,149.1407012939453,9.241795539855957
1267,1,1000,1000,148.68792724609375,9.241781234741211
1268,1,1000,1000,148.23574829101562,9.241790771484375
1269,1,1000,1000,147.78468322753906,9.241791725158691
1270,1,1000,1000,147.33380126953125,9.241830825805664
1271,1,1000,1000,146.88369750976562,9.241876602172852
1272,1,1000,1000,146.43408203125,9.241894721984863
1273,1,1000,1000,145.98538208007812,9.241870880126953
1274,1,1000,1000,145.53759765625,9.241827011108398
1275,1,1000,1000,145.0903778076172,9.241801261901855
1276,1,1000,1000,144.64361572265625,9.24178409576416
1277,1,1000,1000,144.19781494140625,9.241786003112793
1278,1,1000,1000,143.75254821777344,9.24179744720459
1279,1,1000,1000,143.3070068359375,9.241822242736816
1280,1,1000,1000,142.86260986328125,9.241840362548828
1281,1,1000,1000,142.41883850097656,9.241808891296387
1282,1,1000,1000,141.975830078125,9.241793632507324
1283,1,1000,1000,141.53305053710938,9.241792678833008
1284,1,1000,1000,141.09014892578125,9.241788864135742
1285,1,1000,1000,140.646728515625,9.241836547851562
1286,1,1000,1000,140.20350646972656,9.241864204406738
1287,1,1000,1000,139.7617645263672,9.24185848236084
1288,1,1000,1000,139.320556640625,9.241806983947754
1289,1,1000,1000,138.8791961669922,9.241806030273438
1290,1,1000,1000,138.43801879882812,9.241796493530273
1291,1,1000,1000,137.99732971191406,9.241791725158691
1292,1,1000,1000,137.55633544921875,9.241832733154297
1293,1,1000,1000,137.116455078125,9.241841316223145
1294,1,1000,1000,136.6759033203125,9.241848945617676
1295,1,1000,1000,136.23573303222656,9.241853713989258
1296,1,1000,1000,135.7954864501953,9.241898536682129
1297,1,1000,1000,135.35543823242188,9.24185848236084
1298,1,1000,1000,134.91622924804688,9.241828918457031
1299,1,1000,1000,134.4768829345703,9.241827964782715
1300,1,1000,1000,134.037841796875,9.241778373718262
1301,1,1000,1000,133.5983123779297,9.241753578186035
1302,1,1000,1000,133.15875244140625,9.241759300231934
1303,1,1000,1000,132.71923828125,9.241755485534668
1304,1,1000,1000,132.27980041503906,9.241765975952148
1305,1,1000,1000,131.84042358398438,9.241796493530273
1306,1,1000,1000,131.40106201171875,9.241822242736816
1307,1,1000,1000,130.96141052246094,9.24181079864502
1308,1,1000,1000,130.52096557617188,9.241816520690918
1309,1,1000,1000,130.08087158203125,9.241813659667969
1310,1,1000,1000,129.64117431640625,9.2418212890625
1311,1,1000,1000,129.20135498046875,9.241798400878906
1312,1,1000,1000,128.76119995117188,9.241796493530273
1313,1,1000,1000,128.32125854492188,9.24177360534668
1314,1,1000,1000,127.83366394042969,9.241765975952148
1315,1,1000,1000,127.30699157714844,9.241783142089844
1316,1,1000,1000,126.76850891113281,9.241788864135742
1317,1,1000,1000,126.23204040527344,9.241857528686523
1318,1,1000,1000,125.72566223144531,9.241925239562988
1319,1,1000,1000,125.1868896484375,9.241911888122559
1320,1,1000,1000,124.59178161621094,9.241887092590332
1321,1,1000,1000,123.97105407714844,9.241839408874512
1322,1,1000,1000,123.35260009765625,9.2418212890625
1323,1,1000,1000,122.73089599609375,9.241806983947754
1324,1,1000,1000,122.10621643066406,9.24181079864502
1325,1,1000,1000,121.48249816894531,9.241778373718262
1326,1,1000,1000,120.85948181152344,9.241772651672363
1327,1,1000,1000,120.23945617675781,9.2417573928833
1328,1,1000,1000,119.62396240234375,9.24176025390625
1329,1,1000,1000,119.01220703125,9.241799354553223
1330,1,1000,1000,118.4029541015625,9.24182415008545
1331,1,1000,1000,117.79605102539062,9.241817474365234
1332,1,1000,1000,117.19122314453125,9.241823196411133
1333,1,1000,1000,116.58882141113281,9.241819381713867
1334,1,1000,1000,115.98980712890625,9.24182415008545
1335,1,1000,1000,115.39462280273438,9.241833686828613
1336,1,1000,1000,114.8043212890625,9.241813659667969
1337,1,1000,1000,114.22001647949219,9.241775512695312
1338,1,1000,1000,113.64326477050781,9.241758346557617
1339,1,1000,1000,113.07545471191406,9.241769790649414
1340,1,1000,1000,112.51773071289062,9.241779327392578
1341,1,1000,1000,111.96650695800781,9.241776466369629
1342,1,1000,1000,111.41694641113281,9.241791725158691
1343,1,1000,1000,110.86441040039062,9.241836547851562
1344,1,1000,1000,110.30351257324219,9.241865158081055
1345,1,1000,1000,109.73066711425781,9.241848945617676
1346,1,1000,1000,109.14407348632812,9.241835594177246
1347,1,1000,1000,108.543212890625,9.241828918457031
1348,1,1000,1000,107.92820739746094,9.2418212890625
1349,1,1000,1000,107.29975891113281,9.241841316223145
1350,1,1000,1000,106.65838623046875,9.241826057434082
1351,1,1000,1000,106.00515747070312,9.241792678833008
1352,1,1000,1000,105.34126281738281,9.241795539855957
1353,1,1000,1000,104.6678466796875,9.241809844970703
1354,1,1000,1000,103.98614501953125,9.24182415008545
1355,1,1000,1000,103.29756164550781,9.241816520690918
1356,1,1000,1000,102.60331726074219,9.241827011108398
1357,1,1000,1000,101.90501403808594,9.241844177246094
1358,1,1000,1000,101.20402526855469,9.241839408874512
1359,1,1000,1000,100.50198364257812,9.24184799194336
1360,1,1000,1000,99.80061340332031,9.241840362548828
1361,1,1000,1000,99.10151672363281,9.241830825805664
1362,1,1000,1000,98.40678405761719,9.241825103759766
1363,1,1000,1000,97.71821594238281,9.241825103759766
1364,1,1000,1000,97.03788757324219,9.241828918457031
1365,1,1000,1000,96.36787414550781,9.241825103759766
1366,1,1000,1000,95.71034240722656,9.241819381713867
1367,1,1000,1000,95.067626953125,9.241815567016602
1368,1,1000,1000,94.44209289550781,9.241816520690918
1369,1,1000,1000,93.83633422851562,9.24182415008545
1370,1,1000,1000,93.2528076171875,9.241830825805664
1371,1,1000,1000,92.69398498535156,9.241835594177246
1372,1,1000,1000,92.16265869140625,9.24183464050293
1373,1,1000,1000,91.661376953125,9.241830825805664
1374,1,1000,1000,91.19297790527344,9.241829872131348
1375,1,1000,1000,90.76028442382812,9.241829872131348
1376,1,1000,1000,90.36619567871094,9.241830825805664
1377,1,1000,1000,90.01344299316406,9.241833686828613
1378,1,1000,1000,89.70474243164062,9.241835594177246
1379,1,1000,1000,89.44575500488281,9.241838455200195
1380,1,1000,1000,89.24049377441406,9.241840362548828
1381,1,1000,1000,89.09048461914062,9.241839408874512
1382,1,1000,1000,88.99598693847656,9.241838455200195
1383,1,1000,1000,88.95646667480469,9.241837501525879
1384,1,1000,1000,88.97047424316406,9.241836547851562
1385,1,1000,1000,89.03642272949219,9.241836547851562
1386,1,1000,1000,89.15263366699219,9.241837501525879
1387,1,1000,1000,89.31747436523438,9.241839408874512
1388,1,1000,1000,89.529541015625,9.241840362548828
1389,1,1000,1000,89.78756713867188,9.241844177246094
1390,1,1000,1000,90.09001159667969,9.24184513092041
1391,1,1000,1000,90.43528747558594,9.24184799194336
1392,1,1000,1000,90.82147216796875,9.241849899291992
1393,1,1000,1000,91.24617004394531,9.241853713989258
1394,1,1000,1000,91.7083740234375,9.24185848236084
1395,1,1000,1000,92.20742797851562,9.241859436035156
1396,1,1000,1000,92.74247741699219,9.241853713989258
1397,1,1000,1000,93.31301879882812,9.241851806640625
1398,1,1000,1000,93.91902160644531,9.241847038269043
1399,1,1000,1000,94.55989074707031,9.241841316223145
1400,1,1000,1000,95.23553466796875,9.241839408874512
1401,1,1000,1000,95.94570922851562,9.241840362548828
1402,1,1000,1000,96.69047546386719,9.241851806640625
1403,1,1000,1000,97.4693603515625,9.241857528686523
1404,1,1000,1000,98.28208923339844,9.241864204406738
1405,1,1000,1000,99.12852478027344,9.241862297058105
1406,1,1000,1000,100.00820922851562,9.241847038269043
1407,1,1000,1000,100.92100524902344,9.241838455200195
1408,1,1000,1000,101.86662292480469,9.241833686828613
1409,1,1000,1000,102.84468078613281,9.241836547851562
1410,1,1000,1000,103.85475158691406,9.24184513092041
1411,1,1000,1000,104.89649963378906,9.24184799194336
1412,1,1000,1000,105.96978759765625,9.241848945617676
1413,1,1000,1000,107.07411193847656,9.241846084594727
1414,1,1000,1000,108.20933532714844,9.241837501525879
1415,1,1000,1000,109.37493896484375,9.24184513092041
1416,1,1000,1000,110.57069396972656,9.241864204406738
1417,1,1000,1000,111.79609680175781,9.24187183380127
1418,1,1000,1000,113.0509033203125,9.241848945617676
1419,1,1000,1000,114.33486938476562,9.24183464050293
1420,1,1000,1000,115.64756774902344,9.241846084594727
1421,1,1000,1000,116.98744201660156,9.241852760314941
1422,1,1000,1000,118.35147094726562,9.241842269897461
1423,1,1000,1000,119.73576354980469,9.241829872131348
1424,1,1000,1000,121.14161682128906,9.241840362548828
1425,1,1000,1000,122.57183837890625,9.241838455200195
1426,1,1000,1000,124.02886962890625,9.241832733154297
1427,1,1000,1000,125.51506042480469,9.241835594177246
1428,1,1000,1000,127.03250122070312,9.241850852966309
1429,1,1000,1000,128.58282470703125,9.241867065429688
1430,1,1000,1000,130.16842651367188,9.241865158081055
1431,1,1000,1000,131.79144287109375,9.241848945617676
1432,1,1000,1000,133.4542236328125,9.241828918457031
1433,1,1000,1000,135.1591339111328,9.241813659667969
1434,1,1000,1000,136.90841674804688,9.241826057434082
1435,1,1000,1000,138.70449829101562,9.241849899291992
1436,1,1000,1000,140.55078125,9.241848945617676
1437,1,1000,1000,142.44998168945312,9.241842269897461
1438,1,1000,1000,144.40426635742188,9.241829872131348
1439,1,1000,1000,146.41748046875,9.241852760314941
1440,1,1000,1000,148.4947052001953,9.241859436035156
1441,1,1000,1000,150.63958740234375,9.24185848236084
1442,1,1000,1000,152.85633850097656,9.241860389709473
1443,1,1000,1000,155.1480712890625,9.24187183380127
1444,1,1000,1000,157.51382446289062,9.2418794631958
1445,1,1000,1000,159.95034790039062,9.241883277893066
1446,1,1000,1000,162.4571533203125,9.2418851852417
1447,1,1000,1000,165.0373077392578,9.241866111755371
1448,1,1000,1000,167.69830322265625,9.2418212890625
1449,1,1000,1000,170.45323181152344,9.241801261901855
1450,1,1000,1000,173.32192993164062,9.24180793762207
1451,1,1000,1000,176.32186889648438,9.241798400878906
1452,1,1000,1000,179.44329833984375,9.241776466369629
1453,1,1000,1000,182.66578674316406,9.241781234741211
1454,1,1000,1000,185.9644775390625,9.241777420043945
1455,1,1000,1000,189.32037353515625,9.24176025390625
1456,1,1000,1000,192.7151336669922,9.24174976348877
1457,1,1000,1000,196.14488220214844,9.241748809814453
1458,1,1000,1000,199.5953369140625,9.241751670837402
1459,1,1000,1000,203.04849243164062,9.24193286895752
1460,1,1000,1000,206.44903564453125,9.241617202758789
1461,1,1000,1000,209.77731323242188,9.24155044555664
1462,1,1000,1000,213.020263671875,9.242043495178223
1463,1,1000,1000,216.21791076660156,9.242226600646973
1464,1,1000,1000,219.3282012939453,9.24223518371582
1465,1,1000,1000,222.35263061523438,9.242013931274414
1466,1,1000,1000,225.3459014892578,9.241775512695312
1467,1,1000,1000,228.33322143554688,9.241667747497559
1468,1,1000,1000,231.32032775878906,9.241655349731445
1469,1,1000,1000,234.3072052001953,9.241694450378418
1470,1,1000,1000,237.294189453125,9.241750717163086
1471,1,1000,1000,240.28292846679688,9.241790771484375
1472,1,1000,1000,243.27786254882812,9.241808891296387
1473,1,1000,1000,246.28477478027344,9.241823196411133
1474,1,1000,1000,249.31005859375,9.24181842803955
1475,1,1000,1000,252.36387634277344,9.241813659667969
1476,1,1000,1000,255.45814514160156,9.241789817810059
1477,1,1000,1000,258.60882568359375,9.241764068603516
1478,1,1000,1000,261.84130859375,9.241765975952148
1479,1,1000,1000,265.1902770996094,9.241765022277832
1480,1,1000,1000,268.6619873046875,9.241775512695312
1481,1,1000,1000,272.2413024902344,9.241801261901855
1482,1,1000,1000,275.9095153808594,9.241806983947754
1483,1,1000,1000,279.63726806640625,9.241796493530273
1484,1,1000,1000,283.4005432128906,9.241766929626465
1485,1,1000,1000,287.17864990234375,9.241737365722656
1486,1,1000,1000,290.95684814453125,9.241735458374023
1487,1,1000,1000,294.72711181640625,9.241961479187012
1488,1,1000,1000,298.4395446777344,9.241743087768555
1489,1,1000,1000,302.08001708984375,9.241682052612305
1490,1,1000,1000,305.66107177734375,9.242013931274414
1491,1,1000,1000,309.1986389160156,9.241915702819824
1492,1,1000,1000,312.6433410644531,9.241808891296387
1493,1,1000,1000,316.0047302246094,9.24173641204834
1494,1,1000,1000,319.3336181640625,9.24169635772705
1495,1,1000,1000,322.6538391113281,9.241706848144531
1496,1,1000,1000,325.9728088378906,9.241741180419922
1497,1,1000,1000,329.2906188964844,9.2417631149292
1498,1,1000,1000,332.6073913574219,9.241780281066895
1499,1,1000,1000,335.92413330078125,9.241789817810059
1500,1,1000,1000,339.244384765625,9.241793632507324
1501,1,1000,1000,342.5743713378906,9.241816520690918
1502,1,1000,1000,345.92108154296875,9.241804122924805
1503,1,1000,1000,349.2926940917969,9.241809844970703
1504,1,1000,1000,352.698974609375,9.241803169250488
1505,1,1000,1000,356.143310546875,9.241801261901855
1506,1,1000,1000,359.6112060546875,9.24178409576416
1507,1,1000,1000,3.0814666748046875,9.241804122924805
1508,1,1000,1000,6.534431457519531,9.241813659667969
1509,1,1000,1000,9.954833984375,9.241808891296387
1510,1,1000,1000,13.331924438476562,9.241790771484375
1511,1,1000,1000,16.659210205078125,9.241781234741211
1512,1,1000,1000,19.931190490722656,9.241774559020996
1513,1,1000,1000,23.141616821289062,9.241771697998047
1514,1,1000,1000,26.282493591308594,9.241771697998047
1515,1,1000,1000,29.352813720703125,9.242145538330078
1516,1,1000,1000,32.352073669433594,9.242077827453613
1517,1,1000,1000,35.27507019042969,9.241896629333496
1518,1,1000,1000,38.109649658203125,9.241739273071289
1519,1,1000,1000,40.89900207519531,9.24167251586914
1520,1,1000,1000,43.66502380371094,9.24168586730957
1521,1,1000,1000,46.419921875,9.241739273071289
1522,1,1000,1000,49.16792297363281,9.24178409576416
1523,1,1000,1000,51.9090576171875,9.241806983947754
1524,1,1000,1000,54.64312744140625,9.241814613342285
1525,1,1000,1000,57.37139892578125,9.241805076599121
1526,1,1000,1000,60.09635925292969,9.241795539855957
1527,1,1000,1000,62.8209228515625,9.241781234741211
1528,1,1000,1000,65.54696655273438,9.241775512695312
1529,1,1000,1000,68.27726745605469,9.241774559020996
1530,1,1000,1000,71.01451110839844,9.241787910461426
1531,1,1000,1000,73.76115417480469,9.241802215576172
1532,1,1000,1000,76.51966857910156,9.241800308227539
1533,1,1000,1000,79.29405212402344,9.241798400878906
1534,1,1000,1000,82.0863037109375,9.241803169250488
1535,1,1000,1000,84.89749145507812,9.24179458618164
1536,1,1000,1000,87.72749328613281,9.241780281066895
1537,1,1000,1000,90.57479858398438,9.241766929626465
1538,1,1000,1000,93.43853759765625,9.24177074432373
1539,1,1000,1000,96.31918334960938,9.241761207580566
1540,1,1000,1000,99.21527099609375,9.241780281066895
1541,1,1000,1000,102.12648010253906,9.24180793762207
1542,1,1000,1000,105.05148315429688,9.241809844970703
1543,1,1000,1000,107.98297119140625,9.241805076599121
1544,1,1000,1000,110.91152954101562,9.241799354553223
1545,1,1000,1000,113.83052062988281,9.241798400878906
1546,1,1000,1000,116.72801208496094,9.241785049438477
1547,1,1000,1000,119.59353637695312,9.241767883300781
1548,1,1000,1000,122.42691040039062,9.24174690246582
1549,1,1000,1000,125.23162841796875,9.241765022277832
1550,1,1000,1000,128.01068115234375,9.241772651672363
1551,1,1000,1000,130.77139282226562,9.241789817810059
1552,1,1000,1000,133.52297973632812,9.24180793762207
1553,1,1000,1000,136.27186584472656,9.241799354553223
1554,1,1000,1000,139.018798828125,9.241801261901855
1555,1,1000,1000,141.76353454589844,9.241809844970703
1556,1,1000,1000,144.50802612304688,9.241811752319336
1557,1,1000,1000,147.25369262695312,9.241779327392578
1558,1,1000,1000,150.00277709960938,9.24177360534668
1559,1,1000,1000,152.75836181640625,9.2417573928833
1560,1,1000,1000,155.52320861816406,9.241765022277832
1561,1,1000,1000,158.30136108398438,9.241791725158691
1562,1,1000,1000,161.09942626953125,9.241813659667969
1563,1,1000,1000,163.92678833007812,9.241814613342285
1564,1,1000,1000,166.7957000732422,9.241800308227539
1565,1,1000,1000,169.7213592529297,9.241787910461426
1566,1,1000,1000,172.72410583496094,9.241765022277832
1567,1,1000,1000,175.83114624023438,9.241748809814453
1568,1,1000,1000,179.05593872070312,9.241752624511719
1569,1,1000,1000,182.38467407226562,9.241750717163086
1570,1,1000,1000,185.78944396972656,9.241758346557617
1571,1,1000,1000,189.25137329101562,9.241772651672363
1572,1,1000,1000,192.75148010253906,9.241782188415527
1573,1,1000,1000,196.28167724609375,9.241788864135742
1574,1,1000,1000,199.83212280273438,9.241768836975098
1575,1,1000,1000,203.38275146484375,9.241930961608887
1576,1,1000,1000,206.87921142578125,9.24161148071289
1577,1,1000,1000,210.30426025390625,9.241504669189453
1578,1,1000,1000,213.64505004882812,9.24203109741211
1579,1,1000,1000,216.9405059814453,9.242201805114746
1580,1,1000,1000,220.14671325683594,9.242197036743164
1581,1,1000,1000,223.26768493652344,9.241996765136719
1582,1,1000,1000,226.35751342773438,9.241791725158691
1583,1,1000,1000,229.44073486328125,9.241683006286621
1584,1,1000,1000,232.523681640625,9.241683959960938
1585,1,1000,1000,235.60568237304688,9.241728782653809
1586,1,1000,1000,238.68687438964844,9.241778373718262
1587,1,1000,1000,241.77023315429688,9.241817474365234
1588,1,1000,1000,244.85885620117188,9.24181842803955
1589,1,1000,1000,247.95919799804688,9.241801261901855
1590,1,1000,1000,251.07952880859375,9.241793632507324
1591,1,1000,1000,254.2289276123047,9.241775512695312
1592,1,1000,1000,257.4209289550781,9.241767883300781
1593,1,1000,1000,260.67364501953125,9.241752624511719
1594,1,1000,1000,264.0118713378906,9.241782188415527
1595,1,1000,1000,267.4677429199219,9.241793632507324
1596,1,1000,1000,271.0369873046875,9.241792678833008
1597,1,1000,1000,274.69683837890625,9.24179458618164
1598,1,1000,1000,278.4188537597656,9.241805076599121
1599,1,1000,1000,282.1831970214844,9.241805076599121
1600,1,1000,1000,285.97021484375,9.241765975952148
1601,1,1000,1000,289.768798828125,9.241738319396973
1602,1,1000,1000,293.5567932128906,9.241775512695312
1603,1,1000,1000,297.3104248046875,9.242044448852539
1604,1,1000,1000,300.9931335449219,9.241835594177246
1605,1,1000,1000,304.6087951660156,9.241659164428711
1606,1,1000,1000,308.1462707519531,9.24172306060791
1607,1,1000,1000,311.6455078125,9.241239547729492
1608,1,1000,1000,315.05023193359375,9.241241455078125
1609,1,1000,1000,318.3929443359375,9.241496086120605
