1,1,1000,1000,212.17689514160156,30.0
2,1,1000,1000,216.2167205810547,29.975475311279297
3,1,1000,1000,215.69970703125,29.92667007446289
4,1,1000,1000,214.66156005859375,29.85382843017578
5,1,1000,1000,213.73684692382812,29.757190704345703
6,1,1000,1000,212.83624267578125,29.636993408203125
7,1,1000,1000,211.93869018554688,29.493473052978516
8,1,1000,1000,211.04559326171875,29.326862335205078
9,1,1000,1000,210.1575469970703,29.137393951416016
10,1,1000,1000,209.27456665039062,28.925294876098633
11,1,1000,1000,208.39663696289062,28.690792083740234
12,1,1000,1000,207.5236358642578,28.43410873413086
13,1,1000,1000,206.65560913085938,28.155467987060547
14,1,1000,1000,205.79248046875,27.855087280273438
15,1,1000,1000,204.93426513671875,27.533185958862305
16,1,1000,1000,204.08096313476562,27.189977645874023
17,1,1000,1000,203.232421875,26.8256778717041
18,1,1000,1000,202.38873291015625,26.440494537353516
19,1,1000,1000,201.5499267578125,26.034639358520508
20,1,1000,1000,200.716064453125,25.60831642150879
21,1,1000,1000,199.88697814941406,25.161731719970703
22,1,1000,1000,199.06271362304688,24.695087432861328
23,1,1000,1000,198.2431640625,24.208585739135742
24,1,1000,1000,197.42840576171875,23.702423095703125
25,1,1000,1000,196.61825561523438,23.17679786682129
26,1,1000,1000,195.81272888183594,22.63190269470215
27,1,1000,1000,195.0118408203125,22.06793212890625
28,1,1000,1000,194.21554565429688,21.485076904296875
29,1,1000,1000,193.4237060546875,20.88352394104004
30,1,1000,1000,192.63641357421875,20.26346206665039
31,1,1000,1000,191.8535919189453,19.625076293945312
32,1,1000,1000,191.07525634765625,18.968547821044922
33,1,1000,1000,190.30136108398438,18.29405975341797
34,1,1000,1000,189.5318603515625,17.601791381835938
35,1,1000,1000,188.7667236328125,16.891921997070312
36,1,1000,1000,188.00592041015625,16.16462516784668
37,1,1000,1000,187.24952697753906,15.420076370239258
38,1,1000,1000,186.49737548828125,14.658448219299316
39,1,1000,1000,185.74954223632812,13.879911422729492
40,1,1000,1000,185.00592041015625,13.084634780883789
41,1,1000,1000,184.26657104492188,12.272785186767578
42,1,1000,1000,183.5313720703125,11.44452953338623
43,1,1000,1000,182.8004150390625,10.600030899047852
44,1,1000,1000,182.0736083984375,9.739452362060547
45,1,1000,1000,181.35093688964844,8.862954139709473
46,1,1000,1000,180.9198760986328,8.577974319458008
47,1,1000,1000,180.777099609375,8.723251342773438
48,1,1000,1000,180.80340576171875,9.021652221679688
49,1,1000,1000,180.83151245117188,9.293007850646973
50,1,1000,1000,180.8540496826172,9.536725997924805
51,1,1000,1000,180.87600708007812,9.753238677978516
52,1,1000,1000,180.89801025390625,9.942915916442871
53,1,1000,1000,180.919921875,10.106082916259766
54,1,1000,1000,180.94168090820312,10.243041038513184
55,1,1000,1000,180.96339416503906,10.354072570800781
56,1,1000,1000,180.98495483398438,10.439449310302734
57,1,1000,1000,181.00650024414062,10.499435424804688
58,1,1000,1000,181.0278778076172,10.534290313720703
59,1,1000,1000,181.04917907714844,10.544266700744629
60,1,1000,1000,181.07034301757812,10.52961540222168
61,1,1000,1000,181.09141540527344,10.490583419799805
62,1,1000,1000,181.1123809814453,10.42741584777832
63,1,1000,1000,181.13323974609375,10.340353965759277
64,1,1000,1000,181.15399169921875,10.229636192321777
65,1,1000,1000,181.17465209960938,10.095499992370605
66,1,1000,1000,181.1951904296875,9.938179969787598
67,1,1000,1000,181.21563720703125,9.75790786743164
68,1,1000,1000,181.2359619140625,9.554912567138672
69,1,1000,1000,181.42405700683594,9.352740287780762
70,1,1000,1000,181.85714721679688,9.144529342651367
71,1,1000,1000,182.16433715820312,9.081245422363281
72,1,1000,1000,182.30616760253906,9.119939804077148
73,1,1000,1000,182.33010864257812,9.192745208740234
74,1,1000,1000,182.33065795898438,9.250471115112305
75,1,1000,1000,182.33351135253906,9.28303050994873
76,1,1000,1000,182.33731079101562,9.290661811828613
77,1,1000,1000,182.41238403320312,9.276697158813477
78,1,1000,1000,182.52871704101562,9.24457836151123
79,1,1000,1000,182.61309814453125,9.227325439453125
80,1,1000,1000,182.65101623535156,9.22524356842041
81,1,1000,1000,182.65548706054688,9.231636047363281
82,1,1000,1000,182.64495849609375,9.239381790161133
83,1,1000,1000,182.63258361816406,9.244335174560547
84,1,1000,1000,182.62442016601562,9.245684623718262
85,1,1000,1000,182.62109375,9.244637489318848
86,1,1000,1000,182.62091064453125,9.242867469787598
87,1,1000,1000,182.62191772460938,9.24152946472168
88,1,1000,1000,182.62298583984375,9.24100399017334
89,1,1000,1000,182.62356567382812,9.241117477416992
90,1,1000,1000,182.62374877929688,9.241497993469238
91,1,1000,1000,182.623779296875,9.241841316223145
92,1,1000,1000,182.62379455566406,9.242012977600098
93,1,1000,1000,182.62374877929688,9.242021560668945
94,1,1000,1000,182.62374877929688,9.241945266723633
95,1,1000,1000,182.623779296875,9.241860389709473
96,1,1000,1000,182.62396240234375,9.241809844970703
97,1,1000,1000,182.62413024902344,9.241799354553223
98,1,1000,1000,182.6241912841797,9.241812705993652
99,1,1000,1000,182.62417602539062,9.241832733154297
100,1,1000,1000,182.62417602539062,9.241847038269043
101,1,1000,1000,182.62417602539062,9.241851806640625
102,1,1000,1000,182.62420654296875,9.241849899291992
103,1,1000,1000,182.62417602539062,9.24184513092041
104,1,1000,1000,182.62420654296875,9.241841316223145
105,1,1000,1000,182.6243896484375,9.241839408874512
106,1,1000,1000,182.62448120117188,9.241839408874512
107,1,1000,1000,182.6246337890625,9.241841316223145
108,1,1000,1000,182.62466430664062,9.241842269897461
109,1,1000,1000,182.6246795654297,9.241842269897461
110,1,1000,1000,182.62469482421875,9.241842269897461
111,1,1000,1000,182.62469482421875,9.241846084594727
112,1,1000,1000,182.62469482421875,9.241851806640625
113,1,1000,1000,182.6246795654297,9.24185848236084
114,1,1000,1000,182.62460327148438,9.241864204406738
115,1,1000,1000,182.6246337890625,9.241868019104004
116,1,1000,1000,182.62454223632812,9.24186897277832
117,1,1000,1000,182.62469482421875,9.241869926452637
118,1,1000,1000,182.62469482421875,9.241869926452637
119,1,1000,1000,182.62460327148438,9.24186897277832
120,1,1000,1000,182.62454223632812,9.241868019104004
121,1,1000,1000,182.62466430664062,9.241867065429688
122,1,1000,1000,182.62481689453125,9.241867065429688
123,1,1000,1000,182.6248016357422,9.241868019104004
124,1,1000,1000,182.62472534179688,9.24186897277832
125,1,1000,1000,182.62478637695312,9.24186897277832
126,1,1000,1000,182.6248016357422,9.24186897277832
127,1,1000,1000,182.62481689453125,9.241868019104004
128,1,1000,1000,182.62481689453125,9.241867065429688
129,1,1000,1000,182.62481689453125,9.241867065429688
130,1,1000,1000,182.62481689453125,9.24186897277832
131,1,1000,1000,182.62481689453125,9.241869926452637
132,1,1000,1000,182.62481689453125,9.24186897277832
133,1,1000,1000,182.62481689453125,9.241868019104004
134,1,1000,1000,182.62481689453125,9.241867065429688
135,1,1000,1000,182.62481689453125,9.241867065429688
136,1,1000,1000,182.62481689453125,9.241868019104004
137,1,1000,1000,182.62481689453125,9.24186897277832
138,1,1000,1000,182.62481689453125,9.24186897277832
139,1,1000,1000,182.62481689453125,9.241868019104004
140,1,1000,1000,182.62481689453125,9.241867065429688
141,1,1000,1000,182.62481689453125,9.241867065429688
142,1,1000,1000,182.62481689453125,9.24186897277832
143,1,1000,1000,182.62481689453125,9.241869926452637
144,1,1000,1000,182.62481689453125,9.24186897277832
145,1,1000,1000,182.62481689453125,9.241868019104004
146,1,1000,1000,182.62481689453125,9.241867065429688
147,1,1000,1000,182.62481689453125,9.241867065429688
148,1,1000,1000,182.62481689453125,9.241868019104004
149,1,1000,1000,182.62481689453125,9.24186897277832
150,1,1000,1000,182.62481689453125,9.24186897277832
151,1,1000,1000,182.62481689453125,9.241868019104004
152,1,1000,1000,182.62481689453125,9.241867065429688
153,1,1000,1000,182.62481689453125,9.241867065429688
154,1,1000,1000,182.62481689453125,9.24186897277832
155,1,1000,1000,182.62481689453125,9.241869926452637
156,1,1000,1000,182.62481689453125,9.24186897277832
157,1,1000,1000,182.62481689453125,9.241868019104004
158,1,1000,1000,182.62481689453125,9.241867065429688
159,1,1000,1000,182.62481689453125,9.241867065429688
160,1,1000,1000,182.62481689453125,9.241868019104004
161,1,1000,1000,182.62481689453125,9.24186897277832
162,1,1000,1000,182.62481689453125,9.24186897277832
163,1,1000,1000,182.62481689453125,9.241868019104004
164,1,1000,1000,182.62481689453125,9.241867065429688
165,1,1000,1000,182.62481689453125,9.241867065429688
166,1,1000,1000,182.62481689453125,9.24186897277832
167,1,1000,1000,182.62481689453125,9.241869926452637
168,1,1000,1000,182.62481689453125,9.24186897277832
169,1,1000,1000,182.62481689453125,9.241868019104004
170,1,1000,1000,182.62481689453125,9.241867065429688
171,1,1000,1000,182.62481689453125,9.241867065429688
172,1,1000,1000,182.62481689453125,9.241868019104004
173,1,1000,1000,182.62481689453125,9.24186897277832
174,1,1000,1000,182.62481689453125,9.24186897277832
175,1,1000,1000,182.62481689453125,9.241868019104004
176,1,1000,1000,182.62481689453125,9.241867065429688
177,1,1000,1000,182.62481689453125,9.241867065429688
178,1,1000,1000,182.62481689453125,9.24186897277832
179,1,1000,1000,182.62481689453125,9.241869926452637
180,1,1000,1000,182.62481689453125,9.24186897277832
181,1,1000,1000,182.62481689453125,9.241868019104004
182,1,1000,1000,182.62481689453125,9.241867065429688
183,1,1000,1000,182.62481689453125,9.241867065429688
184,1,1000,1000,182.62481689453125,9.241868019104004
185,1,1000,1000,182.6248321533203,9.24186897277832
186,1,1000,1000,182.6248321533203,9.24186897277832
187,1,1000,1000,182.62481689453125,9.241868019104004
188,1,1000,1000,182.62481689453125,9.241867065429688
189,1,1000,1000,182.62481689453125,9.241867065429688
190,1,1000,1000,182.62481689453125,9.24186897277832
191,1,1000,1000,182.62481689453125,9.241869926452637
192,1,1000,1000,182.6248321533203,9.24186897277832
193,1,1000,1000,182.62481689453125,9.241868019104004
194,1,1000,1000,182.62481689453125,9.241867065429688
195,1,1000,1000,182.62481689453125,9.241867065429688
196,1,1000,1000,182.6248321533203,9.241868019104004
197,1,1000,1000,182.6248321533203,9.24186897277832
198,1,1000,1000,182.6248321533203,9.24186897277832
199,1,1000,1000,182.6248321533203,9.241868019104004
200,1,1000,1000,182.62481689453125,9.241867065429688
201,1,1000,1000,182.62481689453125,9.241867065429688
202,1,1000,1000,182.6248321533203,9.241868019104004
203,1,1000,1000,182.62481689453125,9.241869926452637
204,1,1000,1000,182.6248321533203,9.241869926452637
205,1,1000,1000,182.6248321533203,9.24186897277832
206,1,1000,1000,182.62481689453125,9.241868019104004
207,1,1000,1000,182.62481689453125,9.241868019104004
208,1,1000,1000,182.6248321533203,9.241868019104004
209,1,1000,1000,182.6248321533203,9.24186897277832
210,1,1000,1000,182.6248321533203,9.24186897277832
211,1,1000,1000,182.6248321533203,9.241868019104004
212,1,1000,1000,182.6248321533203,9.241867065429688
213,1,1000,1000,182.6248321533203,9.241867065429688
214,1,1000,1000,182.6248321533203,9.24186897277832
215,1,1000,1000,182.6248321533203,9.241869926452637
216,1,1000,1000,182.6248321533203,9.24186897277832
217,1,1000,1000,182.6248321533203,9.241868019104004
218,1,1000,1000,182.6248321533203,9.241867065429688
219,1,1000,1000,182.6248321533203,9.241867065429688
220,1,1000,1000,182.6248321533203,9.241868019104004
221,1,1000,1000,182.62484741210938,9.24186897277832
222,1,1000,1000,182.62484741210938,9.24186897277832
223,1,1000,1000,182.6248321533203,9.241868019104004
224,1,1000,1000,182.62478637695312,9.241867065429688
225,1,1000,1000,182.624755859375,9.241867065429688
226,1,1000,1000,182.62474060058594,9.241868019104004
227,1,1000,1000,182.62472534179688,9.24186897277832
228,1,1000,1000,182.62474060058594,9.24186897277832
229,1,1000,1000,182.624755859375,9.241868019104004
230,1,1000,1000,182.62474060058594,9.241867065429688
231,1,1000,1000,182.62474060058594,9.241867065429688
232,1,1000,1000,182.62474060058594,9.241868019104004
233,1,1000,1000,182.624755859375,9.24186897277832
234,1,1000,1000,182.624755859375,9.24186897277832
235,1,1000,1000,182.624755859375,9.24186897277832
236,1,1000,1000,182.624755859375,9.241868019104004
237,1,1000,1000,182.624755859375,9.241868019104004
238,1,1000,1000,182.62474060058594,9.241868019104004
239,1,1000,1000,182.62474060058594,9.24186897277832
240,1,1000,1000,182.624755859375,9.24186897277832
241,1,1000,1000,182.624755859375,9.241868019104004
242,1,1000,1000,182.624755859375,9.241867065429688
243,1,1000,1000,182.624755859375,9.241867065429688
244,1,1000,1000,182.624755859375,9.241868019104004
245,1,1000,1000,182.624755859375,9.24186897277832
246,1,1000,1000,182.624755859375,9.24186897277832
247,1,1000,1000,182.624755859375,9.24186897277832
248,1,1000,1000,182.624755859375,9.241868019104004
249,1,1000,1000,182.624755859375,9.241868019104004
250,1,1000,1000,182.624755859375,9.241868019104004
251,1,1000,1000,182.624755859375,9.24186897277832
252,1,1000,1000,182.624755859375,9.24186897277832
253,1,1000,1000,182.624755859375,9.241868019104004
254,1,1000,1000,182.624755859375,9.241867065429688
255,1,1000,1000,182.624755859375,9.241867065429688
256,1,1000,1000,182.624755859375,9.241868019104004
257,1,1000,1000,182.624755859375,9.24186897277832
258,1,1000,1000,182.624755859375,9.24186897277832
259,1,1000,1000,182.624755859375,9.24186897277832
260,1,1000,1000,182.624755859375,9.241868019104004
261,1,1000,1000,182.624755859375,9.241868019104004
262,1,1000,1000,182.624755859375,9.241868019104004
263,1,1000,1000,182.624755859375,9.24186897277832
264,1,1000,1000,182.624755859375,9.24186897277832
265,1,1000,1000,182.624755859375,9.241868019104004
266,1,1000,1000,182.624755859375,9.241867065429688
267,1,1000,1000,182.624755859375,9.241867065429688
268,1,1000,1000,182.624755859375,9.241868019104004
269,1,1000,1000,182.624755859375,9.24186897277832
270,1,1000,1000,182.624755859375,9.24186897277832
271,1,1000,1000,182.624755859375,9.24186897277832
272,1,1000,1000,182.624755859375,9.241868019104004
273,1,1000,1000,182.624755859375,9.241868019104004
274,1,1000,1000,182.624755859375,9.241868019104004
275,1,1000,1000,182.624755859375,9.24186897277832
276,1,1000,1000,182.624755859375,9.24186897277832
277,1,1000,1000,182.624755859375,9.241868019104004
278,1,1000,1000,182.624755859375,9.241867065429688
279,1,1000,1000,182.624755859375,9.241867065429688
280,1,1000,1000,182.624755859375,9.241868019104004
281,1,1000,1000,182.624755859375,9.24186897277832
282,1,1000,1000,182.624755859375,9.24186897277832
283,1,1000,1000,182.624755859375,9.24186897277832
284,1,1000,1000,182.624755859375,9.241868019104004
285,1,1000,1000,182.624755859375,9.241868019104004
286,1,1000,1000,182.624755859375,9.241868019104004
287,1,1000,1000,182.624755859375,9.24186897277832
288,1,1000,1000,182.624755859375,9.24186897277832
289,1,1000,1000,182.624755859375,9.241868019104004
290,1,1000,1000,182.624755859375,9.241867065429688
291,1,1000,1000,182.624755859375,9.241867065429688
292,1,1000,1000,182.624755859375,9.241868019104004
293,1,1000,1000,182.624755859375,9.24186897277832
294,1,1000,1000,182.624755859375,9.24186897277832
295,1,1000,1000,182.624755859375,9.24186897277832
296,1,1000,1000,182.624755859375,9.241868019104004
297,1,1000,1000,182.624755859375,9.241868019104004
298,1,1000,1000,182.624755859375,9.241868019104004
299,1,1000,1000,182.624755859375,9.24186897277832
300,1,1000,1000,182.624755859375,9.24186897277832
301,1,1000,1000,182.624755859375,9.241868019104004
302,1,1000,1000,182.624755859375,9.241867065429688
303,1,1000,1000,182.624755859375,9.241867065429688
304,1,1000,1000,182.624755859375,9.241868019104004
305,1,1000,1000,182.624755859375,9.24186897277832
306,1,1000,1000,182.624755859375,9.24186897277832
307,1,1000,1000,182.624755859375,9.24186897277832
308,1,1000,1000,182.624755859375,9.241868019104004
309,1,1000,1000,182.624755859375,9.241868019104004
310,1,1000,1000,182.624755859375,9.241868019104004
311,1,1000,1000,182.624755859375,9.24186897277832
312,1,1000,1000,182.624755859375,9.24186897277832
313,1,1000,1000,182.624755859375,9.241868019104004
314,1,1000,1000,182.624755859375,9.241867065429688
315,1,1000,1000,182.624755859375,9.241867065429688
316,1,1000,1000,182.624755859375,9.241868019104004
317,1,1000,1000,182.62477111816406,9.24186897277832
318,1,1000,1000,182.62477111816406,9.24186897277832
319,1,1000,1000,182.624755859375,9.24186897277832
320,1,1000,1000,182.624755859375,9.241868019104004
321,1,1000,1000,182.624755859375,9.241868019104004
322,1,1000,1000,182.624755859375,9.241868019104004
323,1,1000,1000,182.624755859375,9.24186897277832
324,1,1000,1000,182.624755859375,9.24186897277832
325,1,1000,1000,182.62477111816406,9.241868019104004
326,1,1000,1000,182.624755859375,9.241867065429688
327,1,1000,1000,182.624755859375,9.241867065429688
328,1,1000,1000,182.624755859375,9.241868019104004
329,1,1000,1000,182.62477111816406,9.24186897277832
330,1,1000,1000,182.62477111816406,9.24186897277832
331,1,1000,1000,182.62477111816406,9.24186897277832
332,1,1000,1000,182.624755859375,9.241868019104004
333,1,1000,1000,182.624755859375,9.241868019104004
334,1,1000,1000,182.624755859375,9.241868019104004
335,1,1000,1000,182.624755859375,9.24186897277832
336,1,1000,1000,182.62477111816406,9.24186897277832
337,1,1000,1000,182.62477111816406,9.241868019104004
338,1,1000,1000,182.62477111816406,9.241867065429688
339,1,1000,1000,182.62477111816406,9.241867065429688
340,1,1000,1000,182.62477111816406,9.241868019104004
341,1,1000,1000,182.62477111816406,9.24186897277832
342,1,1000,1000,182.62477111816406,9.24186897277832
343,1,1000,1000,182.62477111816406,9.24186897277832
344,1,1000,1000,182.62477111816406,9.241868019104004
345,1,1000,1000,182.62477111816406,9.241868019104004
346,1,1000,1000,182.62477111816406,9.241868019104004
347,1,1000,1000,182.624755859375,9.24186897277832
348,1,1000,1000,182.62477111816406,9.24186897277832
349,1,1000,1000,182.62477111816406,9.241868019104004
350,1,1000,1000,182.62477111816406,9.241867065429688
351,1,1000,1000,182.62477111816406,9.241867065429688
352,1,1000,1000,182.62477111816406,9.241868019104004
353,1,1000,1000,182.62477111816406,9.24186897277832
354,1,1000,1000,182.62477111816406,9.24186897277832
355,1,1000,1000,182.62477111816406,9.24186897277832
356,1,1000,1000,182.62477111816406,9.241868019104004
357,1,1000,1000,182.62477111816406,9.241868019104004
358,1,1000,1000,182.62477111816406,9.241868019104004
359,1,1000,1000,182.624755859375,9.24186897277832
360,1,1000,1000,182.62477111816406,9.24186897277832
361,1,1000,1000,182.62477111816406,9.241868019104004
362,1,1000,1000,182.62477111816406,9.241867065429688
363,1,1000,1000,182.62477111816406,9.241867065429688
364,1,1000,1000,182.62477111816406,9.241868019104004
365,1,1000,1000,182.62478637695312,9.24186897277832
366,1,1000,1000,182.62478637695312,9.24186897277832
367,1,1000,1000,182.62477111816406,9.24186897277832
368,1,1000,1000,182.62477111816406,9.241868019104004
369,1,1000,1000,182.62477111816406,9.241868019104004
1,1,1000,1000,223.06307983398438,30.0
2,1,1000,1000,228.1989288330078,29.975475311279297
3,1,1000,1000,227.5922393798828,29.92667007446289
4,1,1000,1000,226.35255432128906,29.85382843017578
5,1,1000,1000,225.25787353515625,29.757190704345703
6,1,1000,1000,224.19422912597656,29.636993408203125
7,1,1000,1000,223.13397216796875,29.493473052978516
8,1,1000,1000,222.07887268066406,29.326862335205078
9,1,1000,1000,221.02975463867188,29.137393951416016
10,1,1000,1000,219.9866180419922,28.925294876098633
11,1,1000,1000,218.9493865966797,28.690792083740234
12,1,1000,1000,217.91806030273438,28.43410873413086
13,1,1000,1000,216.89254760742188,28.155467987060547
14,1,1000,1000,215.87286376953125,27.855087280273438
15,1,1000,1000,214.85899353027344,27.533185958862305
16,1,1000,1000,213.85089111328125,27.189977645874023
17,1,1000,1000,212.8484344482422,26.8256778717041
18,1,1000,1000,211.85189819335938,26.440494537353516
19,1,1000,1000,210.86109924316406,26.034639358520508
20,1,1000,1000,209.8760223388672,25.60831642150879
21,1,1000,1000,208.89663696289062,25.161731719970703
22,1,1000,1000,207.92286682128906,24.695087432861328
23,1,1000,1000,206.95462036132812,24.208585739135742
24,1,1000,1000,205.99197387695312,23.702423095703125
25,1,1000,1000,205.03482055664062,23.17679786682129
26,1,1000,1000,204.08309936523438,22.63190269470215
27,1,1000,1000,203.1367950439453,22.06793212890625
28,1,1000,1000,202.1959228515625,21.485076904296875
29,1,1000,1000,201.26040649414062,20.88352394104004
30,1,1000,1000,200.33018493652344,20.26346206665039
31,1,1000,1000,199.40530395507812,19.625076293945312
32,1,1000,1000,198.48562622070312,18.968547821044922
33,1,1000,1000,197.57119750976562,18.29405975341797
34,1,1000,1000,196.66197204589844,17.601791381835938
35,1,1000,1000,195.75791931152344,16.89192008972168
36,1,1000,1000,194.85902404785156,16.164623260498047
37,1,1000,1000,193.96524047851562,15.420074462890625
38,1,1000,1000,193.07647705078125,14.658445358276367
39,1,1000,1000,192.1928253173828,13.879907608032227
40,1,1000,1000,191.31422424316406,13.084630012512207
41,1,1000,1000,190.44058227539062,12.272780418395996
42,1,1000,1000,189.5719451904297,11.444523811340332
43,1,1000,1000,188.708251953125,10.600025177001953
44,1,1000,1000,187.84947204589844,9.739446640014648
45,1,1000,1000,186.99554443359375,8.862948417663574
46,1,1000,1000,186.48646545410156,8.577953338623047
47,1,1000,1000,186.31744384765625,8.723226547241211
48,1,1000,1000,186.3485565185547,9.021635055541992
49,1,1000,1000,186.3817138671875,9.292998313903809
50,1,1000,1000,186.40835571289062,9.536724090576172
51,1,1000,1000,186.43423461914062,9.753244400024414
52,1,1000,1000,186.46014404296875,9.942928314208984
53,1,1000,1000,186.48599243164062,10.10610294342041
54,1,1000,1000,186.51168823242188,10.243067741394043
55,1,1000,1000,186.53726196289062,10.354105949401855
56,1,1000,1000,186.56271362304688,10.439489364624023
57,1,1000,1000,186.5880889892578,10.499482154846191
58,1,1000,1000,186.61325073242188,10.534342765808105
59,1,1000,1000,186.6383514404297,10.544325828552246
60,1,1000,1000,186.66334533691406,10.529681205749512
61,1,1000,1000,186.68814086914062,10.490655899047852
62,1,1000,1000,186.71282958984375,10.427494049072266
63,1,1000,1000,186.73741149902344,10.340437889099121
64,1,1000,1000,186.7618408203125,10.22972583770752
65,1,1000,1000,186.78619384765625,10.095595359802246
66,1,1000,1000,186.8104248046875,9.938281059265137
67,1,1000,1000,186.83453369140625,9.758013725280762
68,1,1000,1000,186.85855102539062,9.555024147033691
69,1,1000,1000,187.053955078125,9.353776931762695
70,1,1000,1000,187.50177001953125,9.146854400634766
71,1,1000,1000,187.8206329345703,9.083142280578613
72,1,1000,1000,187.96795654296875,9.120753288269043
73,1,1000,1000,187.99261474609375,9.192642211914062
74,1,1000,1000,188.03765869140625,9.250147819519043
75,1,1000,1000,188.08782958984375,9.282493591308594
76,1,1000,1000,188.13742065429688,9.289912223815918
77,1,1000,1000,188.29190063476562,9.276382446289062
78,1,1000,1000,188.55029296875,9.246332168579102
79,1,1000,1000,188.70437622070312,9.229317665100098
80,1,1000,1000,188.751953125,9.226448059082031
81,1,1000,1000,188.74014282226562,9.231895446777344
82,1,1000,1000,188.71014404296875,9.239054679870605
83,1,1000,1000,188.68508911132812,9.243856430053711
84,1,1000,1000,188.67214965820312,9.245346069335938
85,1,1000,1000,188.6690673828125,9.244519233703613
86,1,1000,1000,188.67120361328125,9.242911338806152
87,1,1000,1000,188.67440795898438,9.241631507873535
88,1,1000,1000,188.67669677734375,9.241097450256348
89,1,1000,1000,188.67767333984375,9.241168975830078
90,1,1000,1000,188.67779541015625,9.241508483886719
91,1,1000,1000,188.67735290527344,9.241825103759766
92,1,1000,1000,188.67684936523438,9.241991996765137
93,1,1000,1000,188.67654418945312,9.242008209228516
94,1,1000,1000,188.67648315429688,9.241939544677734
95,1,1000,1000,188.676513671875,9.241869926452637
96,1,1000,1000,188.67654418945312,9.241823196411133
97,1,1000,1000,188.67657470703125,9.241813659667969
98,1,1000,1000,188.67660522460938,9.2418212890625
99,1,1000,1000,188.67660522460938,9.241838455200195
100,1,1000,1000,188.67662048339844,9.241851806640625
101,1,1000,1000,188.6766357421875,9.241862297058105
102,1,1000,1000,188.6766357421875,9.241864204406738
103,1,1000,1000,188.67665100097656,9.241861343383789
104,1,1000,1000,188.67666625976562,9.241886138916016
105,1,1000,1000,188.67654418945312,9.241896629333496
106,1,1000,1000,188.67657470703125,9.241888046264648
107,1,1000,1000,188.67654418945312,9.241873741149902
108,1,1000,1000,188.676513671875,9.241863250732422
109,1,1000,1000,188.67665100097656,9.241847038269043
110,1,1000,1000,188.6766357421875,9.241844177246094
111,1,1000,1000,188.676513671875,9.241844177246094
112,1,1000,1000,188.676513671875,9.241844177246094
113,1,1000,1000,188.6765594482422,9.241840362548828
114,1,1000,1000,188.67660522460938,9.241842269897461
115,1,1000,1000,188.67691040039062,9.24184513092041
116,1,1000,1000,188.6771240234375,9.241842269897461
117,1,1000,1000,188.67703247070312,9.241841316223145
118,1,1000,1000,188.67691040039062,9.241838455200195
119,1,1000,1000,188.67697143554688,9.241838455200195
120,1,1000,1000,188.67706298828125,9.241840362548828
121,1,1000,1000,188.67697143554688,9.241842269897461
122,1,1000,1000,188.67691040039062,9.241842269897461
123,1,1000,1000,188.6768798828125,9.241841316223145
124,1,1000,1000,188.677001953125,9.241841316223145
125,1,1000,1000,188.677001953125,9.241842269897461
126,1,1000,1000,188.677001953125,9.241843223571777
127,1,1000,1000,188.67691040039062,9.24184799194336
128,1,1000,1000,188.67694091796875,9.24185562133789
129,1,1000,1000,188.67709350585938,9.241864204406738
130,1,1000,1000,188.67715454101562,9.241870880126953
131,1,1000,1000,188.6773681640625,9.241874694824219
132,1,1000,1000,188.67747497558594,9.241874694824219
133,1,1000,1000,188.6776123046875,9.241873741149902
134,1,1000,1000,188.6778564453125,9.241872787475586
135,1,1000,1000,188.6781768798828,9.24187183380127
136,1,1000,1000,188.67831420898438,9.24187183380127
137,1,1000,1000,188.67819213867188,9.24187183380127
138,1,1000,1000,188.677978515625,9.24187183380127
139,1,1000,1000,188.67808532714844,9.24187183380127
140,1,1000,1000,188.67822265625,9.24187183380127
141,1,1000,1000,188.67808532714844,9.24187183380127
142,1,1000,1000,188.67811584472656,9.24187183380127
143,1,1000,1000,188.67808532714844,9.24187183380127
144,1,1000,1000,188.67807006835938,9.24187183380127
145,1,1000,1000,188.6781463623047,9.24187183380127
146,1,1000,1000,188.67819213867188,9.24187183380127
147,1,1000,1000,188.67819213867188,9.24187183380127
148,1,1000,1000,188.67807006835938,9.24187183380127
149,1,1000,1000,188.6781005859375,9.24187183380127
150,1,1000,1000,188.67820739746094,9.24187183380127
151,1,1000,1000,188.67803955078125,9.24187183380127
152,1,1000,1000,188.67816162109375,9.24187183380127
153,1,1000,1000,188.67822265625,9.24187183380127
154,1,1000,1000,188.67800903320312,9.24187183380127
155,1,1000,1000,188.67813110351562,9.24187183380127
156,1,1000,1000,188.67816162109375,9.24187183380127
157,1,1000,1000,188.67816162109375,9.24187183380127
158,1,1000,1000,188.67816162109375,9.24187183380127
159,1,1000,1000,188.67813110351562,9.24187183380127
160,1,1000,1000,188.67813110351562,9.24187183380127
161,1,1000,1000,188.67803955078125,9.24187183380127
162,1,1000,1000,188.67822265625,9.24187183380127
163,1,1000,1000,188.67807006835938,9.24187183380127
164,1,1000,1000,188.6781768798828,9.24187183380127
165,1,1000,1000,188.6780548095703,9.24187183380127
166,1,1000,1000,188.67831420898438,9.24187183380127
167,1,1000,1000,188.67819213867188,9.24187183380127
168,1,1000,1000,188.67813110351562,9.24187183380127
169,1,1000,1000,188.67816162109375,9.24187183380127
170,1,1000,1000,188.67820739746094,9.24187183380127
171,1,1000,1000,188.6781005859375,9.24187183380127
172,1,1000,1000,188.67811584472656,9.24187183380127
173,1,1000,1000,188.67813110351562,9.24187183380127
174,1,1000,1000,188.67816162109375,9.24187183380127
175,1,1000,1000,188.67816162109375,9.24187183380127
176,1,1000,1000,188.6781768798828,9.24187183380127
177,1,1000,1000,188.6781768798828,9.24187183380127
178,1,1000,1000,188.6781768798828,9.24187183380127
179,1,1000,1000,188.67819213867188,9.24187183380127
180,1,1000,1000,188.67819213867188,9.24187183380127
181,1,1000,1000,188.67819213867188,9.24187183380127
182,1,1000,1000,188.67819213867188,9.24187183380127
183,1,1000,1000,188.67819213867188,9.24187183380127
184,1,1000,1000,188.67819213867188,9.24187183380127
185,1,1000,1000,188.67819213867188,9.24187183380127
186,1,1000,1000,188.67800903320312,9.24187183380127
187,1,1000,1000,188.6783447265625,9.24187183380127
188,1,1000,1000,188.6783447265625,9.24187183380127
189,1,1000,1000,188.6783447265625,9.24187183380127
190,1,1000,1000,188.67831420898438,9.24187183380127
191,1,1000,1000,188.6782989501953,9.24187183380127
192,1,1000,1000,188.67828369140625,9.24187183380127
193,1,1000,1000,188.67828369140625,9.24187183380127
194,1,1000,1000,188.67828369140625,9.24187183380127
195,1,1000,1000,188.67828369140625,9.24187183380127
196,1,1000,1000,188.67828369140625,9.24187183380127
197,1,1000,1000,188.67828369140625,9.24187183380127
198,1,1000,1000,188.67828369140625,9.24187183380127
199,1,1000,1000,188.6782684326172,9.24187183380127
200,1,1000,1000,188.6782684326172,9.24187183380127
201,1,1000,1000,188.6782684326172,9.24187183380127
202,1,1000,1000,188.6782684326172,9.24187183380127
203,1,1000,1000,188.67825317382812,9.24187183380127
204,1,1000,1000,188.67825317382812,9.24187183380127
205,1,1000,1000,188.67825317382812,9.24187183380127
206,1,1000,1000,188.67825317382812,9.24187183380127
207,1,1000,1000,188.67825317382812,9.24187183380127
208,1,1000,1000,188.67825317382812,9.24187183380127
209,1,1000,1000,188.67823791503906,9.24187183380127
210,1,1000,1000,188.67823791503906,9.24187183380127
211,1,1000,1000,188.67823791503906,9.24187183380127
212,1,1000,1000,188.67822265625,9.24187183380127
213,1,1000,1000,188.67822265625,9.24187183380127
214,1,1000,1000,188.67822265625,9.24187183380127
215,1,1000,1000,188.67822265625,9.24187183380127
216,1,1000,1000,188.67822265625,9.24187183380127
217,1,1000,1000,188.67822265625,9.24187183380127
218,1,1000,1000,188.67820739746094,9.24187183380127
219,1,1000,1000,188.67820739746094,9.24187183380127
220,1,1000,1000,188.67820739746094,9.24187183380127
221,1,1000,1000,188.67822265625,9.24187183380127
222,1,1000,1000,188.67820739746094,9.24187183380127
223,1,1000,1000,188.67822265625,9.24187183380127
224,1,1000,1000,188.67820739746094,9.24187183380127
225,1,1000,1000,188.67822265625,9.24187183380127
226,1,1000,1000,188.67819213867188,9.24187183380127
227,1,1000,1000,188.67823791503906,9.24187183380127
228,1,1000,1000,188.67820739746094,9.24187183380127
229,1,1000,1000,188.67823791503906,9.24187183380127
230,1,1000,1000,188.67820739746094,9.24187183380127
231,1,1000,1000,188.67823791503906,9.24187183380127
232,1,1000,1000,188.67820739746094,9.24187183380127
233,1,1000,1000,188.67823791503906,9.24187183380127
234,1,1000,1000,188.67819213867188,9.24187183380127
235,1,1000,1000,188.67822265625,9.24187183380127
236,1,1000,1000,188.67819213867188,9.24187183380127
237,1,1000,1000,188.6783905029297,9.24187183380127
238,1,1000,1000,188.67848205566406,9.24187183380127
239,1,1000,1000,188.67840576171875,9.24187183380127
240,1,1000,1000,188.678466796875,9.24187183380127
241,1,1000,1000,188.67843627929688,9.24187183380127
242,1,1000,1000,188.6783905029297,9.24187183380127
243,1,1000,1000,188.67837524414062,9.24187183380127
244,1,1000,1000,188.67837524414062,9.24187183380127
245,1,1000,1000,188.67849731445312,9.24187183380127
246,1,1000,1000,188.6785888671875,9.24187183380127
247,1,1000,1000,188.67852783203125,9.24187183380127
248,1,1000,1000,188.678466796875,9.24187183380127
249,1,1000,1000,188.67843627929688,9.24187183380127
250,1,1000,1000,188.67849731445312,9.24187183380127
251,1,1000,1000,188.67852783203125,9.24187183380127
252,1,1000,1000,188.67855834960938,9.24187183380127
253,1,1000,1000,188.67852783203125,9.24187183380127
254,1,1000,1000,188.678466796875,9.24187183380127
255,1,1000,1000,188.67840576171875,9.24187183380127
256,1,1000,1000,188.6784210205078,9.24187183380127
257,1,1000,1000,188.6785888671875,9.24187183380127
258,1,1000,1000,188.67864990234375,9.24187183380127
259,1,1000,1000,188.6787109375,9.24187183380127
260,1,1000,1000,188.67861938476562,9.24187183380127
261,1,1000,1000,188.67857360839844,9.24187183380127
262,1,1000,1000,188.678466796875,9.24187183380127
263,1,1000,1000,188.67843627929688,9.24187183380127
264,1,1000,1000,188.67855834960938,9.24187183380127
265,1,1000,1000,188.67864990234375,9.24187183380127
266,1,1000,1000,188.6785888671875,9.24187183380127
267,1,1000,1000,188.67857360839844,9.24187183380127
268,1,1000,1000,188.67852783203125,9.24187183380127
269,1,1000,1000,188.67852783203125,9.24187183380127
270,1,1000,1000,188.67852783203125,9.24187183380127
271,1,1000,1000,188.67852783203125,9.241872787475586
272,1,1000,1000,188.67855834960938,9.241872787475586
273,1,1000,1000,188.67852783203125,9.241872787475586
274,1,1000,1000,188.67843627929688,9.241872787475586
275,1,1000,1000,188.67825317382812,9.241872787475586
276,1,1000,1000,188.67837524414062,9.241872787475586
277,1,1000,1000,188.67864990234375,9.241872787475586
278,1,1000,1000,188.67874145507812,9.24187183380127
279,1,1000,1000,188.67864990234375,9.24187183380127
280,1,1000,1000,188.67852783203125,9.24187183380127
281,1,1000,1000,188.67840576171875,9.24187183380127
282,1,1000,1000,188.67828369140625,9.24187183380127
283,1,1000,1000,188.6783447265625,9.24187183380127
284,1,1000,1000,188.67852783203125,9.24187183380127
285,1,1000,1000,188.678466796875,9.24187183380127
286,1,1000,1000,188.67840576171875,9.241872787475586
287,1,1000,1000,188.67831420898438,9.241872787475586
288,1,1000,1000,188.67828369140625,9.241872787475586
289,1,1000,1000,188.67822265625,9.241872787475586
290,1,1000,1000,188.67820739746094,9.241872787475586
291,1,1000,1000,188.6781768798828,9.24187183380127
292,1,1000,1000,188.67831420898438,9.24187183380127
293,1,1000,1000,188.67820739746094,9.24187183380127
294,1,1000,1000,188.67816162109375,9.24187183380127
295,1,1000,1000,188.67813110351562,9.24187183380127
296,1,1000,1000,188.6781463623047,9.24187183380127
297,1,1000,1000,188.67816162109375,9.24187183380127
298,1,1000,1000,188.67816162109375,9.241872787475586
299,1,1000,1000,188.67816162109375,9.241866111755371
300,1,1000,1000,188.67816162109375,9.24185562133789
301,1,1000,1000,188.67816162109375,9.24184513092041
302,1,1000,1000,188.67816162109375,9.241837501525879
303,1,1000,1000,188.67819213867188,9.241836547851562
304,1,1000,1000,188.67822265625,9.241837501525879
305,1,1000,1000,188.67825317382812,9.24184513092041
306,1,1000,1000,188.67828369140625,9.241850852966309
307,1,1000,1000,188.67819213867188,9.241851806640625
308,1,1000,1000,188.6781005859375,9.241847038269043
309,1,1000,1000,188.67820739746094,9.241843223571777
310,1,1000,1000,188.67831420898438,9.241843223571777
311,1,1000,1000,188.67825317382812,9.241843223571777
312,1,1000,1000,188.67823791503906,9.241843223571777
313,1,1000,1000,188.6783447265625,9.241835594177246
314,1,1000,1000,188.6783447265625,9.241833686828613
315,1,1000,1000,188.6782989501953,9.24183464050293
316,1,1000,1000,188.67828369140625,9.241843223571777
317,1,1000,1000,188.67828369140625,9.241843223571777
318,1,1000,1000,188.67843627929688,9.241838455200195
319,1,1000,1000,188.67840576171875,9.24183177947998
320,1,1000,1000,188.67849731445312,9.241837501525879
321,1,1000,1000,188.6785888671875,9.241838455200195
322,1,1000,1000,188.6786346435547,9.241840362548828
323,1,1000,1000,188.67868041992188,9.241842269897461
324,1,1000,1000,188.6787109375,9.241850852966309
325,1,1000,1000,188.6787109375,9.241860389709473
326,1,1000,1000,188.67874145507812,9.241852760314941
327,1,1000,1000,188.67877197265625,9.241838455200195
328,1,1000,1000,188.67877197265625,9.241827011108398
329,1,1000,1000,188.67880249023438,9.24183177947998
330,1,1000,1000,188.67880249023438,9.241841316223145
331,1,1000,1000,188.67881774902344,9.241830825805664
332,1,1000,1000,188.67881774902344,9.24183464050293
333,1,1000,1000,188.6788330078125,9.241836547851562
334,1,1000,1000,188.67886352539062,9.241851806640625
335,1,1000,1000,188.67892456054688,9.241851806640625
336,1,1000,1000,188.67897033691406,9.241861343383789
337,1,1000,1000,188.6790008544922,9.241857528686523
338,1,1000,1000,188.67901611328125,9.241843223571777
339,1,1000,1000,188.67904663085938,9.241825103759766
340,1,1000,1000,188.67910766601562,9.24181842803955
341,1,1000,1000,188.67913818359375,9.24181842803955
342,1,1000,1000,188.6790771484375,9.241815567016602
343,1,1000,1000,188.67916870117188,9.24181842803955
344,1,1000,1000,188.67913818359375,9.241832733154297
345,1,1000,1000,188.67913818359375,9.24184799194336
346,1,1000,1000,188.6792755126953,9.241857528686523
347,1,1000,1000,188.6791229248047,9.241863250732422
348,1,1000,1000,188.67901611328125,9.241840362548828
349,1,1000,1000,188.67898559570312,9.241819381713867
350,1,1000,1000,188.67913818359375,9.24182415008545
351,1,1000,1000,188.67922973632812,9.241841316223145
352,1,1000,1000,188.67913818359375,9.24184799194336
353,1,1000,1000,188.67892456054688,9.241865158081055
354,1,1000,1000,188.67877197265625,9.241876602172852
355,1,1000,1000,188.67868041992188,9.241872787475586
356,1,1000,1000,188.67874145507812,9.24184799194336
357,1,1000,1000,188.6787109375,9.241860389709473
358,1,1000,1000,188.6787109375,9.241861343383789
359,1,1000,1000,188.67855834960938,9.241865158081055
360,1,1000,1000,188.6786346435547,9.241861343383789
361,1,1000,1000,188.67855834960938,9.24185562133789
362,1,1000,1000,188.67864990234375,9.241832733154297
363,1,1000,1000,188.67874145507812,9.241820335388184
364,1,1000,1000,188.67864990234375,9.241830825805664
365,1,1000,1000,188.6785888671875,9.24183464050293
366,1,1000,1000,188.678466796875,9.241850852966309
367,1,1000,1000,188.6783447265625,9.241865158081055
368,1,1000,1000,188.67831420898438,9.241870880126953
369,1,1000,1000,188.67843627929688,9.241869926452637
370,1,1000,1000,188.67843627929688,9.241851806640625
371,1,1000,1000,188.67840576171875,9.241835594177246
372,1,1000,1000,188.67840576171875,9.241833686828613
373,1,1000,1000,188.67843627929688,9.241839408874512
374,1,1000,1000,188.67855834960938,9.241837501525879
375,1,1000,1000,188.67852783203125,9.241840362548828
376,1,1000,1000,188.67852783203125,9.24184513092041
377,1,1000,1000,188.6785125732422,9.24184513092041
378,1,1000,1000,188.67849731445312,9.241847038269043
379,1,1000,1000,188.67852783203125,9.241849899291992
380,1,1000,1000,188.67852783203125,9.241846084594727
381,1,1000,1000,188.67852783203125,9.241841316223145
382,1,1000,1000,188.67855834960938,9.241840362548828
383,1,1000,1000,188.67855834960938,9.241842269897461
384,1,1000,1000,188.6785888671875,9.241843223571777
385,1,1000,1000,188.6785888671875,9.241842269897461
386,1,1000,1000,188.67861938476562,9.241843223571777
387,1,1000,1000,188.6788330078125,9.241848945617676
388,1,1000,1000,188.678955078125,9.24185848236084
389,1,1000,1000,188.67892456054688,9.241868019104004
390,1,1000,1000,188.67872619628906,9.241873741149902
391,1,1000,1000,188.6786651611328,9.241875648498535
392,1,1000,1000,188.67877197265625,9.241874694824219
393,1,1000,1000,188.6788330078125,9.241872787475586
394,1,1000,1000,188.67886352539062,9.241870880126953
395,1,1000,1000,188.67889404296875,9.241865158081055
396,1,1000,1000,188.67892456054688,9.24185562133789
397,1,1000,1000,188.678955078125,9.241846084594727
398,1,1000,1000,188.67886352539062,9.241840362548828
399,1,1000,1000,188.67892456054688,9.241838455200195
400,1,1000,1000,188.67886352539062,9.241842269897461
401,1,1000,1000,188.678955078125,9.241843223571777
402,1,1000,1000,188.67904663085938,9.241844177246094
403,1,1000,1000,188.67910766601562,9.241840362548828
404,1,1000,1000,188.67916870117188,9.241838455200195
405,1,1000,1000,188.6790771484375,9.241835594177246
406,1,1000,1000,188.67901611328125,9.241835594177246
407,1,1000,1000,188.67910766601562,9.24184513092041
408,1,1000,1000,188.6793212890625,9.241848945617676
409,1,1000,1000,188.67947387695312,9.241851806640625
410,1,1000,1000,188.67967224121094,9.241847038269043
411,1,1000,1000,188.6795654296875,9.241847038269043
412,1,1000,1000,188.67947387695312,9.24184513092041
413,1,1000,1000,188.6795196533203,9.241841316223145
414,1,1000,1000,188.67959594726562,9.241841316223145
415,1,1000,1000,188.67955017089844,9.241841316223145
416,1,1000,1000,188.67950439453125,9.241841316223145
417,1,1000,1000,188.67959594726562,9.241844177246094
418,1,1000,1000,188.6795654296875,9.241849899291992
419,1,1000,1000,188.67953491210938,9.241853713989258
420,1,1000,1000,188.6796417236328,9.241848945617676
421,1,1000,1000,188.67962646484375,9.241837501525879
422,1,1000,1000,188.67974853515625,9.241832733154297
423,1,1000,1000,188.67996215820312,9.241829872131348
424,1,1000,1000,188.68011474609375,9.241828918457031
425,1,1000,1000,188.6803436279297,9.241841316223145
426,1,1000,1000,188.68035888671875,9.241841316223145
427,1,1000,1000,188.68035888671875,9.241850852966309
428,1,1000,1000,188.6803741455078,9.241836547851562
429,1,1000,1000,188.68038940429688,9.241843223571777
430,1,1000,1000,188.68038940429688,9.24185562133789
431,1,1000,1000,188.680419921875,9.241869926452637
432,1,1000,1000,188.68043518066406,9.241870880126953
433,1,1000,1000,188.68045043945312,9.241856575012207
434,1,1000,1000,188.68048095703125,9.241854667663574
435,1,1000,1000,188.68048095703125,9.241860389709473
436,1,1000,1000,188.6805419921875,9.24184799194336
437,1,1000,1000,188.68060302734375,9.241839408874512
438,1,1000,1000,188.6806640625,9.241847038269043
439,1,1000,1000,188.68069458007812,9.241848945617676
440,1,1000,1000,188.68069458007812,9.24185848236084
441,1,1000,1000,188.68069458007812,9.241853713989258
442,1,1000,1000,188.68069458007812,9.241842269897461
443,1,1000,1000,188.68069458007812,9.241832733154297
444,1,1000,1000,188.68069458007812,9.241838455200195
445,1,1000,1000,188.68057250976562,9.241830825805664
446,1,1000,1000,188.6806640625,9.241836547851562
447,1,1000,1000,188.6807403564453,9.241837501525879
448,1,1000,1000,188.680908203125,9.241840362548828
449,1,1000,1000,188.6810302734375,9.241836547851562
450,1,1000,1000,188.6811065673828,9.241852760314941
451,1,1000,1000,188.68101501464844,9.241838455200195
452,1,1000,1000,188.68081665039062,9.241830825805664
453,1,1000,1000,188.68057250976562,9.241841316223145
454,1,1000,1000,188.68043518066406,9.24184513092041
455,1,1000,1000,188.68040466308594,9.241864204406738
456,1,1000,1000,188.68038940429688,9.24185848236084
457,1,1000,1000,188.68038940429688,9.241852760314941
458,1,1000,1000,188.680419921875,9.241857528686523
459,1,1000,1000,188.680419921875,9.241835594177246
460,1,1000,1000,188.68045043945312,9.241852760314941
461,1,1000,1000,188.68051147460938,9.241853713989258
462,1,1000,1000,188.68057250976562,9.241844177246094
463,1,1000,1000,188.68063354492188,9.24181842803955
464,1,1000,1000,188.68069458007812,9.24182415008545
465,1,1000,1000,188.68060302734375,9.241835594177246
466,1,1000,1000,188.68057250976562,9.241833686828613
467,1,1000,1000,188.68060302734375,9.24185562133789
468,1,1000,1000,188.68060302734375,9.241849899291992
469,1,1000,1000,188.68057250976562,9.241843223571777
470,1,1000,1000,188.6805419921875,9.24184513092041
471,1,1000,1000,188.6806182861328,9.241852760314941
472,1,1000,1000,188.68051147460938,9.241851806640625
473,1,1000,1000,188.68032836914062,9.241841316223145
474,1,1000,1000,188.68006896972656,9.241864204406738
475,1,1000,1000,188.67994689941406,9.241865158081055
476,1,1000,1000,188.67987060546875,9.241829872131348
477,1,1000,1000,188.6800079345703,9.24182415008545
478,1,1000,1000,188.68011474609375,9.241820335388184
479,1,1000,1000,188.68017578125,9.241813659667969
480,1,1000,1000,188.68011474609375,9.241852760314941
481,1,1000,1000,188.68014526367188,9.241903305053711
482,1,1000,1000,188.68020629882812,9.241900444030762
483,1,1000,1000,188.6801300048828,9.241894721984863
484,1,1000,1000,188.68023681640625,9.241911888122559
485,1,1000,1000,188.68032836914062,9.241889953613281
486,1,1000,1000,188.6802978515625,9.24185562133789
487,1,1000,1000,188.68014526367188,9.241799354553223
488,1,1000,1000,188.68008422851562,9.241823196411133
489,1,1000,1000,188.68003845214844,9.241860389709473
490,1,1000,1000,188.68002319335938,9.241888999938965
491,1,1000,1000,188.68002319335938,9.241905212402344
492,1,1000,1000,188.68002319335938,9.2418794631958
493,1,1000,1000,188.67977905273438,9.24182415008545
494,1,1000,1000,188.67947387695312,9.241785049438477
495,1,1000,1000,188.67938232421875,9.241787910461426
496,1,1000,1000,188.67950439453125,9.241820335388184
497,1,1000,1000,188.67947387695312,9.241829872131348
498,1,1000,1000,188.6795654296875,9.241849899291992
499,1,1000,1000,188.6796417236328,9.241874694824219
500,1,1000,1000,188.67970275878906,9.241853713989258
501,1,1000,1000,188.6796417236328,9.241843223571777
502,1,1000,1000,188.67962646484375,9.241839408874512
503,1,1000,1000,188.67967224121094,9.241840362548828
504,1,1000,1000,188.67970275878906,9.241819381713867
505,1,1000,1000,188.67974853515625,9.241823196411133
506,1,1000,1000,188.67977905273438,9.241835594177246
507,1,1000,1000,188.67970275878906,9.241830825805664
508,1,1000,1000,188.6797637939453,9.241830825805664
509,1,1000,1000,188.6798095703125,9.241843223571777
510,1,1000,1000,188.67984008789062,9.241842269897461
511,1,1000,1000,188.67984008789062,9.24183464050293
512,1,1000,1000,188.67984008789062,9.241830825805664
513,1,1000,1000,188.67984008789062,9.241828918457031
514,1,1000,1000,188.6800079345703,9.241833686828613
515,1,1000,1000,188.68002319335938,9.241854667663574
516,1,1000,1000,188.68002319335938,9.241880416870117
517,1,1000,1000,188.68003845214844,9.241875648498535
518,1,1000,1000,188.68006896972656,9.241867065429688
519,1,1000,1000,188.68006896972656,9.24184799194336
520,1,1000,1000,188.68008422851562,9.241839408874512
521,1,1000,1000,188.6801300048828,9.241828918457031
522,1,1000,1000,188.68020629882812,9.241826057434082
523,1,1000,1000,188.6802978515625,9.241839408874512
524,1,1000,1000,188.68023681640625,9.241860389709473
525,1,1000,1000,188.68035888671875,9.241852760314941
526,1,1000,1000,188.68020629882812,9.241822242736816
527,1,1000,1000,188.68011474609375,9.241827011108398
528,1,1000,1000,188.68020629882812,9.241825103759766
529,1,1000,1000,188.68026733398438,9.241820335388184
530,1,1000,1000,188.68023681640625,9.241822242736816
531,1,1000,1000,188.6802215576172,9.241832733154297
532,1,1000,1000,188.68032836914062,9.241836547851562
533,1,1000,1000,188.6802215576172,9.241860389709473
534,1,1000,1000,188.68023681640625,9.241866111755371
535,1,1000,1000,188.68026733398438,9.241849899291992
536,1,1000,1000,188.6802978515625,9.241830825805664
537,1,1000,1000,188.68032836914062,9.241832733154297
538,1,1000,1000,188.68035888671875,9.241829872131348
539,1,1000,1000,188.6802520751953,9.241853713989258
540,1,1000,1000,188.6803436279297,9.241842269897461
541,1,1000,1000,188.68040466308594,9.241830825805664
542,1,1000,1000,188.68031311035156,9.241840362548828
543,1,1000,1000,188.68038940429688,9.241829872131348
544,1,1000,1000,188.6803436279297,9.241826057434082
545,1,1000,1000,188.68045043945312,9.241823196411133
546,1,1000,1000,188.680419921875,9.24183464050293
547,1,1000,1000,188.68038940429688,9.241853713989258
548,1,1000,1000,188.68026733398438,9.241853713989258
549,1,1000,1000,188.68019104003906,9.241852760314941
550,1,1000,1000,188.68014526367188,9.241869926452637
551,1,1000,1000,188.6802215576172,9.241869926452637
552,1,1000,1000,188.6803741455078,9.241875648498535
553,1,1000,1000,188.6805419921875,9.24186897277832
554,1,1000,1000,188.68063354492188,9.241848945617676
555,1,1000,1000,188.68069458007812,9.241854667663574
556,1,1000,1000,188.68072509765625,9.241828918457031
557,1,1000,1000,188.68075561523438,9.241806030273438
558,1,1000,1000,188.6807861328125,9.241798400878906
559,1,1000,1000,188.68069458007812,9.241825103759766
560,1,1000,1000,188.68080139160156,9.241854667663574
561,1,1000,1000,188.68087768554688,9.241857528686523
562,1,1000,1000,188.68106079101562,9.241849899291992
563,1,1000,1000,188.68104553222656,9.241852760314941
564,1,1000,1000,188.68113708496094,9.241828918457031
565,1,1000,1000,188.6810760498047,9.2418212890625
566,1,1000,1000,188.68099975585938,9.241825103759766
567,1,1000,1000,188.68096923828125,9.241828918457031
568,1,1000,1000,188.68092346191406,9.241826057434082
569,1,1000,1000,188.680908203125,9.24183177947998
570,1,1000,1000,188.68099975585938,9.241833686828613
571,1,1000,1000,188.68106079101562,9.241826057434082
572,1,1000,1000,188.68109130859375,9.24183177947998
573,1,1000,1000,188.68099975585938,9.241828918457031
574,1,1000,1000,188.68084716796875,9.241842269897461
575,1,1000,1000,188.680908203125,9.241859436035156
576,1,1000,1000,188.68096923828125,9.241866111755371
577,1,1000,1000,188.680908203125,9.24186897277832
578,1,1000,1000,188.68084716796875,9.241886138916016
579,1,1000,1000,188.68096923828125,9.241876602172852
580,1,1000,1000,188.680908203125,9.241872787475586
581,1,1000,1000,188.6808624267578,9.24187183380127
582,1,1000,1000,188.68081665039062,9.241868019104004
583,1,1000,1000,188.6806640625,9.24185848236084
584,1,1000,1000,188.6804656982422,9.24187183380127
585,1,1000,1000,188.68026733398438,9.241875648498535
586,1,1000,1000,188.6800537109375,9.241864204406738
587,1,1000,1000,188.67999267578125,9.241868019104004
588,1,1000,1000,188.67999267578125,9.241862297058105
589,1,1000,1000,188.68002319335938,9.241849899291992
590,1,1000,1000,188.68006896972656,9.241835594177246
591,1,1000,1000,188.68011474609375,9.241811752319336
592,1,1000,1000,188.68014526367188,9.241817474365234
593,1,1000,1000,188.68023681640625,9.241840362548828
594,1,1000,1000,188.68017578125,9.241843223571777
595,1,1000,1000,188.68002319335938,9.241837501525879
596,1,1000,1000,188.67996215820312,9.241809844970703
597,1,1000,1000,188.67996215820312,9.24181079864502
598,1,1000,1000,188.67996215820312,9.241841316223145
599,1,1000,1000,188.67996215820312,9.241868019104004
600,1,1000,1000,188.68002319335938,9.241865158081055
601,1,1000,1000,188.68011474609375,9.241840362548828
602,1,1000,1000,188.68019104003906,9.241815567016602
603,1,1000,1000,188.68023681640625,9.241828918457031
604,1,1000,1000,188.6801300048828,9.241844177246094
605,1,1000,1000,188.68020629882812,9.241847038269043
606,1,1000,1000,188.68040466308594,9.241811752319336
607,1,1000,1000,188.680419921875,9.241787910461426
608,1,1000,1000,188.68032836914062,9.241801261901855
609,1,1000,1000,188.68043518066406,9.241829872131348
610,1,1000,1000,188.680419921875,9.241837501525879
611,1,1000,1000,188.6802520751953,9.241850852966309
612,1,1000,1000,188.68028259277344,9.241868019104004
613,1,1000,1000,188.680419921875,9.241867065429688
614,1,1000,1000,188.68035888671875,9.241857528686523
615,1,1000,1000,188.680419921875,9.241852760314941
616,1,1000,1000,188.6806182861328,9.241830825805664
617,1,1000,1000,188.68081665039062,9.241844177246094
618,1,1000,1000,188.68099975585938,9.241820335388184
619,1,1000,1000,188.6809539794922,9.241841316223145
620,1,1000,1000,188.68075561523438,9.241835594177246
621,1,1000,1000,188.6806640625,9.241838455200195
622,1,1000,1000,188.68060302734375,9.241853713989258
623,1,1000,1000,188.6805419921875,9.241864204406738
624,1,1000,1000,188.68038940429688,9.24185848236084
625,1,1000,1000,188.680419921875,9.241847038269043
626,1,1000,1000,188.680419921875,9.241827964782715
627,1,1000,1000,188.6805419921875,9.24181842803955
628,1,1000,1000,188.68045043945312,9.241822242736816
629,1,1000,1000,188.68038940429688,9.241830825805664
630,1,1000,1000,188.68008422851562,9.24184799194336
631,1,1000,1000,188.67996215820312,9.241825103759766
632,1,1000,1000,188.67996215820312,9.241816520690918
633,1,1000,1000,188.67999267578125,9.241806983947754
634,1,1000,1000,188.68002319335938,9.241828918457031
635,1,1000,1000,188.6800537109375,9.241859436035156
636,1,1000,1000,188.68006896972656,9.241848945617676
637,1,1000,1000,188.68006896972656,9.241830825805664
638,1,1000,1000,188.68006896972656,9.241813659667969
639,1,1000,1000,188.68008422851562,9.241813659667969
640,1,1000,1000,188.68016052246094,9.241851806640625
641,1,1000,1000,188.6802215576172,9.241852760314941
642,1,1000,1000,188.68014526367188,9.241867065429688
643,1,1000,1000,188.68011474609375,9.241850852966309
644,1,1000,1000,188.6800994873047,9.241819381713867
645,1,1000,1000,188.6799774169922,9.241811752319336
646,1,1000,1000,188.67990112304688,9.24179744720459
647,1,1000,1000,188.67974853515625,9.241806030273438
648,1,1000,1000,188.6796417236328,9.241827964782715
649,1,1000,1000,188.67962646484375,9.241847038269043
650,1,1000,1000,188.67953491210938,9.241870880126953
651,1,1000,1000,188.6796112060547,9.241866111755371
652,1,1000,1000,188.67970275878906,9.241856575012207
653,1,1000,1000,188.67962646484375,9.241849899291992
