1,1,1000,1000,264.8890075683594,30.0
2,1,1000,1000,272.2887878417969,29.975475311279297
3,1,1000,1000,271.9454040527344,29.92667007446289
4,1,1000,1000,270.7834167480469,29.85382843017578
5,1,1000,1000,269.8251647949219,29.757190704345703
6,1,1000,1000,268.91015625,29.636993408203125
7,1,1000,1000,267.99652099609375,29.493473052978516
8,1,1000,1000,267.0866394042969,29.326862335205078
9,1,1000,1000,266.1819763183594,29.137393951416016
10,1,1000,1000,265.2825927734375,28.925294876098633
11,1,1000,1000,264.38848876953125,28.690792083740234
12,1,1000,1000,263.4994812011719,28.43410873413086
13,1,1000,1000,262.6156005859375,28.155467987060547
14,1,1000,1000,261.73675537109375,27.85508918762207
15,1,1000,1000,260.8628845214844,27.533187866210938
16,1,1000,1000,259.9940490722656,27.18998146057129
17,1,1000,1000,259.130126953125,26.825681686401367
18,1,1000,1000,258.2711181640625,26.440500259399414
19,1,1000,1000,257.4169921875,26.034645080566406
20,1,1000,1000,256.5677185058594,25.60832405090332
21,1,1000,1000,255.7232666015625,25.161741256713867
22,1,1000,1000,254.88356018066406,24.695098876953125
23,1,1000,1000,254.04867553710938,24.20859718322754
24,1,1000,1000,253.21847534179688,23.702436447143555
25,1,1000,1000,252.3929901123047,23.17681121826172
26,1,1000,1000,251.5721893310547,22.63191795349121
27,1,1000,1000,250.7560272216797,22.067949295043945
28,1,1000,1000,249.94447326660156,21.48509407043457
29,1,1000,1000,249.1375274658203,20.883543014526367
30,1,1000,1000,248.33518981933594,20.26348304748535
31,1,1000,1000,247.53738403320312,19.625097274780273
32,1,1000,1000,246.74407958984375,18.968570709228516
33,1,1000,1000,245.95529174804688,18.294084548950195
34,1,1000,1000,245.17092895507812,17.601818084716797
35,1,1000,1000,244.39105224609375,16.891948699951172
36,1,1000,1000,243.61557006835938,16.164653778076172
37,1,1000,1000,242.844482421875,15.420106887817383
38,1,1000,1000,242.0778045654297,14.658480644226074
39,1,1000,1000,241.31544494628906,13.879945755004883
40,1,1000,1000,240.55738830566406,13.084671020507812
41,1,1000,1000,239.80364990234375,12.272823333740234
42,1,1000,1000,239.05416870117188,11.44456958770752
43,1,1000,1000,238.30894470214844,10.600072860717773
44,1,1000,1000,237.56788635253906,9.739496231079102
45,1,1000,1000,236.83108520507812,8.863000869750977
46,1,1000,1000,236.48876953125,8.578378677368164
47,1,1000,1000,236.42779541015625,8.723733901977539
48,1,1000,1000,236.47003173828125,9.022008895874023
49,1,1000,1000,236.50958251953125,9.293240547180176
50,1,1000,1000,236.5453338623047,9.536837577819824
51,1,1000,1000,236.58071899414062,9.7532320022583
52,1,1000,1000,236.6160125732422,9.942791938781738
53,1,1000,1000,236.65115356445312,10.105844497680664
54,1,1000,1000,236.68605041503906,10.24268913269043
55,1,1000,1000,236.72076416015625,10.353609085083008
56,1,1000,1000,236.75527954101562,10.438876152038574
57,1,1000,1000,236.78961181640625,10.498754501342773
58,1,1000,1000,236.82373046875,10.533502578735352
59,1,1000,1000,236.857666015625,10.543374061584473
60,1,1000,1000,236.89141845703125,10.528619766235352
61,1,1000,1000,236.9250030517578,10.489486694335938
62,1,1000,1000,236.9583282470703,10.42621898651123
63,1,1000,1000,236.99151611328125,10.339057922363281
64,1,1000,1000,237.02450561523438,10.228243827819824
65,1,1000,1000,237.0572967529297,10.094012260437012
66,1,1000,1000,237.0899200439453,9.93659782409668
67,1,1000,1000,237.1223602294922,9.756232261657715
68,1,1000,1000,237.15460205078125,9.553145408630371
69,1,1000,1000,237.18666076660156,9.327564239501953
70,1,1000,1000,237.21853637695312,9.079713821411133
71,1,1000,1000,237.23338317871094,9.026091575622559
72,1,1000,1000,237.23611450195312,9.094587326049805
73,1,1000,1000,237.23431396484375,9.193732261657715
74,1,1000,1000,237.23263549804688,9.26749324798584
75,1,1000,1000,237.23110961914062,9.3158597946167
76,1,1000,1000,237.22958374023438,9.339137077331543
77,1,1000,1000,237.2280731201172,9.33760929107666
78,1,1000,1000,237.22654724121094,9.311542510986328
79,1,1000,1000,237.22508239746094,9.261194229125977
80,1,1000,1000,237.224365234375,9.226963996887207
81,1,1000,1000,237.2241973876953,9.21631145477295
82,1,1000,1000,237.22438049316406,9.222272872924805
83,1,1000,1000,237.22451782226562,9.233901023864746
84,1,1000,1000,237.22457885742188,9.243188858032227
85,1,1000,1000,237.22457885742188,9.247182846069336
86,1,1000,1000,237.22459411621094,9.246772766113281
87,1,1000,1000,237.22459411621094,9.244362831115723
88,1,1000,1000,237.22459411621094,9.242043495178223
89,1,1000,1000,237.22459411621094,9.240809440612793
90,1,1000,1000,237.22459411621094,9.240669250488281
91,1,1000,1000,237.22459411621094,9.241135597229004
92,1,1000,1000,237.22459411621094,9.241698265075684
93,1,1000,1000,237.224609375,9.242055892944336
94,1,1000,1000,237.22459411621094,9.24215316772461
95,1,1000,1000,237.224609375,9.24207592010498
96,1,1000,1000,237.224609375,9.24194622039795
97,1,1000,1000,237.224609375,9.24184799194336
98,1,1000,1000,237.224609375,9.241809844970703
99,1,1000,1000,237.224609375,9.24181842803955
100,1,1000,1000,237.224609375,9.241847038269043
101,1,1000,1000,237.224609375,9.241872787475586
102,1,1000,1000,237.224609375,9.2418851852417
103,1,1000,1000,237.224609375,9.241886138916016
104,1,1000,1000,237.22462463378906,9.241880416870117
105,1,1000,1000,237.22463989257812,9.241873741149902
106,1,1000,1000,237.22462463378906,9.241869926452637
107,1,1000,1000,237.22463989257812,9.24186897277832
108,1,1000,1000,237.22462463378906,9.241869926452637
109,1,1000,1000,237.22463989257812,9.24187183380127
110,1,1000,1000,237.22462463378906,9.241872787475586
111,1,1000,1000,237.22463989257812,9.241872787475586
112,1,1000,1000,237.22462463378906,9.241872787475586
113,1,1000,1000,237.22463989257812,9.241872787475586
114,1,1000,1000,237.22463989257812,9.241872787475586
115,1,1000,1000,237.22463989257812,9.241872787475586
116,1,1000,1000,237.22463989257812,9.241872787475586
117,1,1000,1000,237.22463989257812,9.241872787475586
118,1,1000,1000,237.22463989257812,9.241872787475586
119,1,1000,1000,237.22463989257812,9.241872787475586
120,1,1000,1000,237.2246551513672,9.241872787475586
121,1,1000,1000,237.2246551513672,9.241872787475586
122,1,1000,1000,237.22467041015625,9.241872787475586
123,1,1000,1000,237.2246551513672,9.241872787475586
124,1,1000,1000,237.22467041015625,9.241872787475586
125,1,1000,1000,237.22467041015625,9.241872787475586
126,1,1000,1000,237.22467041015625,9.241872787475586
127,1,1000,1000,237.22467041015625,9.241872787475586
128,1,1000,1000,237.22467041015625,9.241872787475586
129,1,1000,1000,237.22467041015625,9.241872787475586
130,1,1000,1000,237.22467041015625,9.241872787475586
131,1,1000,1000,237.22467041015625,9.241872787475586
132,1,1000,1000,237.22467041015625,9.241872787475586
133,1,1000,1000,237.22467041015625,9.241872787475586
134,1,1000,1000,237.22470092773438,9.241872787475586
135,1,1000,1000,237.22467041015625,9.241872787475586
136,1,1000,1000,237.22470092773438,9.241872787475586
137,1,1000,1000,237.22467041015625,9.241872787475586
138,1,1000,1000,237.22470092773438,9.241872787475586
139,1,1000,1000,237.22467041015625,9.241872787475586
140,1,1000,1000,237.22470092773438,9.241872787475586
141,1,1000,1000,237.22470092773438,9.241872787475586
142,1,1000,1000,237.22470092773438,9.241872787475586
143,1,1000,1000,237.22470092773438,9.241872787475586
144,1,1000,1000,237.22470092773438,9.241872787475586
145,1,1000,1000,237.22470092773438,9.241872787475586
146,1,1000,1000,237.22470092773438,9.241872787475586
147,1,1000,1000,237.22471618652344,9.241872787475586
148,1,1000,1000,237.22470092773438,9.241872787475586
149,1,1000,1000,237.22471618652344,9.241872787475586
150,1,1000,1000,237.22471618652344,9.241872787475586
151,1,1000,1000,237.2247314453125,9.241872787475586
152,1,1000,1000,237.2247314453125,9.241872787475586
153,1,1000,1000,237.2247314453125,9.241872787475586
154,1,1000,1000,237.2247314453125,9.241872787475586
155,1,1000,1000,237.2247314453125,9.241872787475586
156,1,1000,1000,237.2247314453125,9.241872787475586
157,1,1000,1000,237.22474670410156,9.241872787475586
158,1,1000,1000,237.2247314453125,9.241872787475586
159,1,1000,1000,237.22474670410156,9.241872787475586
160,1,1000,1000,237.2247314453125,9.241872787475586
161,1,1000,1000,237.22474670410156,9.241872787475586
162,1,1000,1000,237.2247314453125,9.241872787475586
163,1,1000,1000,237.22476196289062,9.241872787475586
164,1,1000,1000,237.22476196289062,9.241872787475586
165,1,1000,1000,237.22476196289062,9.241872787475586
166,1,1000,1000,237.22476196289062,9.241872787475586
167,1,1000,1000,237.22476196289062,9.241872787475586
168,1,1000,1000,237.22476196289062,9.241872787475586
169,1,1000,1000,237.22476196289062,9.241872787475586
170,1,1000,1000,237.22476196289062,9.241872787475586
171,1,1000,1000,237.22476196289062,9.241872787475586
172,1,1000,1000,237.22476196289062,9.241872787475586
173,1,1000,1000,237.2247772216797,9.241872787475586
174,1,1000,1000,237.2247772216797,9.241872787475586
175,1,1000,1000,237.2247772216797,9.241872787475586
176,1,1000,1000,237.2247772216797,9.241872787475586
177,1,1000,1000,237.2247772216797,9.241872787475586
178,1,1000,1000,237.2247772216797,9.241872787475586
179,1,1000,1000,237.2247772216797,9.241872787475586
180,1,1000,1000,237.2247772216797,9.241872787475586
181,1,1000,1000,237.2247772216797,9.241872787475586
182,1,1000,1000,237.2247772216797,9.241872787475586
183,1,1000,1000,237.22479248046875,9.241872787475586
184,1,1000,1000,237.22479248046875,9.241872787475586
185,1,1000,1000,237.2247314453125,9.241872787475586
186,1,1000,1000,237.22476196289062,9.241872787475586
187,1,1000,1000,237.22479248046875,9.241872787475586
188,1,1000,1000,237.2247314453125,9.241872787475586
189,1,1000,1000,237.2247772216797,9.241872787475586
190,1,1000,1000,237.22479248046875,9.241872787475586
191,1,1000,1000,237.22474670410156,9.241872787475586
192,1,1000,1000,237.2247772216797,9.241872787475586
193,1,1000,1000,237.22479248046875,9.241872787475586
194,1,1000,1000,237.22467041015625,9.241872787475586
195,1,1000,1000,237.22467041015625,9.241872787475586
196,1,1000,1000,237.22470092773438,9.241872787475586
197,1,1000,1000,237.22471618652344,9.241872787475586
198,1,1000,1000,237.2247314453125,9.241872787475586
199,1,1000,1000,237.2247314453125,9.241872787475586
200,1,1000,1000,237.2247314453125,9.241872787475586
201,1,1000,1000,237.2247314453125,9.241872787475586
202,1,1000,1000,237.2247314453125,9.241872787475586
203,1,1000,1000,237.2247314453125,9.241872787475586
204,1,1000,1000,237.22474670410156,9.241872787475586
205,1,1000,1000,237.2247314453125,9.241872787475586
206,1,1000,1000,237.22474670410156,9.241872787475586
207,1,1000,1000,237.2247314453125,9.241872787475586
208,1,1000,1000,237.22474670410156,9.241872787475586
209,1,1000,1000,237.2247314453125,9.241872787475586
210,1,1000,1000,237.22474670410156,9.241872787475586
211,1,1000,1000,237.22474670410156,9.241872787475586
212,1,1000,1000,237.22474670410156,9.241872787475586
213,1,1000,1000,237.22476196289062,9.241872787475586
214,1,1000,1000,237.22476196289062,9.241872787475586
215,1,1000,1000,237.22476196289062,9.241872787475586
216,1,1000,1000,237.22476196289062,9.241872787475586
217,1,1000,1000,237.22476196289062,9.241872787475586
218,1,1000,1000,237.22476196289062,9.241872787475586
219,1,1000,1000,237.22476196289062,9.241872787475586
220,1,1000,1000,237.22476196289062,9.241872787475586
221,1,1000,1000,237.22476196289062,9.241872787475586
222,1,1000,1000,237.22476196289062,9.241872787475586
223,1,1000,1000,237.22476196289062,9.241872787475586
224,1,1000,1000,237.22476196289062,9.241872787475586
225,1,1000,1000,237.22476196289062,9.241872787475586
226,1,1000,1000,237.22476196289062,9.241872787475586
227,1,1000,1000,237.22476196289062,9.241872787475586
228,1,1000,1000,237.22476196289062,9.241872787475586
229,1,1000,1000,237.2247772216797,9.241872787475586
230,1,1000,1000,237.2247772216797,9.241872787475586
231,1,1000,1000,237.2247772216797,9.241872787475586
232,1,1000,1000,237.2247772216797,9.241872787475586
233,1,1000,1000,237.2247772216797,9.241872787475586
234,1,1000,1000,237.2247772216797,9.241872787475586
235,1,1000,1000,237.2247772216797,9.241872787475586
236,1,1000,1000,237.2247772216797,9.241872787475586
237,1,1000,1000,237.22479248046875,9.241872787475586
238,1,1000,1000,237.22479248046875,9.241872787475586
239,1,1000,1000,237.2247314453125,9.241872787475586
240,1,1000,1000,237.22476196289062,9.241872787475586
241,1,1000,1000,237.22479248046875,9.241872787475586
242,1,1000,1000,237.2247314453125,9.241872787475586
243,1,1000,1000,237.2247772216797,9.241872787475586
244,1,1000,1000,237.22479248046875,9.241872787475586
245,1,1000,1000,237.22474670410156,9.241872787475586
246,1,1000,1000,237.2247772216797,9.241872787475586
247,1,1000,1000,237.22479248046875,9.241872787475586
248,1,1000,1000,237.22470092773438,9.241872787475586
249,1,1000,1000,237.2246856689453,9.241872787475586
250,1,1000,1000,237.22470092773438,9.241872787475586
251,1,1000,1000,237.22471618652344,9.241872787475586
252,1,1000,1000,237.2247314453125,9.241872787475586
253,1,1000,1000,237.22471618652344,9.241872787475586
254,1,1000,1000,237.2247314453125,9.241872787475586
255,1,1000,1000,237.2247314453125,9.241872787475586
256,1,1000,1000,237.2247314453125,9.241872787475586
257,1,1000,1000,237.22474670410156,9.241872787475586
258,1,1000,1000,237.22474670410156,9.241872787475586
259,1,1000,1000,237.22474670410156,9.241872787475586
260,1,1000,1000,237.22474670410156,9.241872787475586
261,1,1000,1000,237.22474670410156,9.241872787475586
262,1,1000,1000,237.22474670410156,9.241872787475586
263,1,1000,1000,237.22476196289062,9.241872787475586
264,1,1000,1000,237.22474670410156,9.241872787475586
265,1,1000,1000,237.22476196289062,9.241872787475586
266,1,1000,1000,237.22476196289062,9.241872787475586
267,1,1000,1000,237.22476196289062,9.241872787475586
268,1,1000,1000,237.22476196289062,9.241872787475586
269,1,1000,1000,237.22476196289062,9.241872787475586
270,1,1000,1000,237.22476196289062,9.241872787475586
271,1,1000,1000,237.22476196289062,9.241872787475586
272,1,1000,1000,237.22476196289062,9.241872787475586
273,1,1000,1000,237.22476196289062,9.241872787475586
274,1,1000,1000,237.22476196289062,9.241872787475586
275,1,1000,1000,237.22476196289062,9.241872787475586
276,1,1000,1000,237.22476196289062,9.241872787475586
277,1,1000,1000,237.22476196289062,9.241872787475586
278,1,1000,1000,237.22479248046875,9.241872787475586
279,1,1000,1000,237.2247772216797,9.241872787475586
280,1,1000,1000,237.22479248046875,9.241872787475586
281,1,1000,1000,237.2247772216797,9.241872787475586
282,1,1000,1000,237.22479248046875,9.241872787475586
283,1,1000,1000,237.2247314453125,9.241872787475586
284,1,1000,1000,237.22476196289062,9.241872787475586
285,1,1000,1000,237.2247772216797,9.241872787475586
286,1,1000,1000,237.2248077392578,9.241872787475586
287,1,1000,1000,237.22467041015625,9.241872787475586
288,1,1000,1000,237.224609375,9.241872787475586
289,1,1000,1000,237.22459411621094,9.241872787475586
290,1,1000,1000,237.22462463378906,9.241872787475586
291,1,1000,1000,237.224609375,9.241872787475586
292,1,1000,1000,237.22462463378906,9.241872787475586
293,1,1000,1000,237.22463989257812,9.241872787475586
294,1,1000,1000,237.22462463378906,9.241872787475586
295,1,1000,1000,237.22463989257812,9.241872787475586
296,1,1000,1000,237.22462463378906,9.241872787475586
297,1,1000,1000,237.22463989257812,9.241872787475586
298,1,1000,1000,237.22462463378906,9.241872787475586
299,1,1000,1000,237.22463989257812,9.241872787475586
300,1,1000,1000,237.22462463378906,9.241872787475586
301,1,1000,1000,237.22463989257812,9.241872787475586
302,1,1000,1000,237.22463989257812,9.241872787475586
303,1,1000,1000,237.22463989257812,9.241872787475586
304,1,1000,1000,237.22463989257812,9.241872787475586
305,1,1000,1000,237.22463989257812,9.241872787475586
306,1,1000,1000,237.22463989257812,9.241872787475586
307,1,1000,1000,237.22463989257812,9.241872787475586
308,1,1000,1000,237.22463989257812,9.241872787475586
309,1,1000,1000,237.22463989257812,9.241872787475586
310,1,1000,1000,237.22463989257812,9.241872787475586
311,1,1000,1000,237.22463989257812,9.241872787475586
312,1,1000,1000,237.22463989257812,9.241872787475586
313,1,1000,1000,237.22463989257812,9.241872787475586
314,1,1000,1000,237.22463989257812,9.241872787475586
315,1,1000,1000,237.22463989257812,9.241872787475586
316,1,1000,1000,237.22463989257812,9.241872787475586
317,1,1000,1000,237.22463989257812,9.241872787475586
318,1,1000,1000,237.22463989257812,9.241872787475586
319,1,1000,1000,237.22463989257812,9.241872787475586
320,1,1000,1000,237.22463989257812,9.241872787475586
321,1,1000,1000,237.22463989257812,9.241872787475586
322,1,1000,1000,237.22463989257812,9.241872787475586
323,1,1000,1000,237.22463989257812,9.241872787475586
324,1,1000,1000,237.22463989257812,9.241872787475586
325,1,1000,1000,237.22463989257812,9.241872787475586
326,1,1000,1000,237.22463989257812,9.241872787475586
327,1,1000,1000,237.22463989257812,9.241872787475586
328,1,1000,1000,237.22463989257812,9.241872787475586
329,1,1000,1000,237.2246551513672,9.241872787475586
330,1,1000,1000,237.22462463378906,9.241867065429688
331,1,1000,1000,237.224609375,9.241857528686523
332,1,1000,1000,237.22471618652344,9.241847038269043
333,1,1000,1000,237.22482299804688,9.241840362548828
334,1,1000,1000,237.2248992919922,9.241839408874512
335,1,1000,1000,237.22488403320312,9.241841316223145
336,1,1000,1000,237.22491455078125,9.241843223571777
337,1,1000,1000,237.22494506835938,9.241843223571777
338,1,1000,1000,237.2250518798828,9.241844177246094
339,1,1000,1000,237.22518920898438,9.241846084594727
340,1,1000,1000,237.2252960205078,9.241846084594727
341,1,1000,1000,237.2253875732422,9.241843223571777
342,1,1000,1000,237.2254638671875,9.241839408874512
343,1,1000,1000,237.2250213623047,9.241840362548828
344,1,1000,1000,237.20867919921875,9.241846084594727
345,1,1000,1000,237.16375732421875,9.241848945617676
346,1,1000,1000,237.08377075195312,9.24184513092041
347,1,1000,1000,236.96609497070312,9.241842269897461
348,1,1000,1000,236.81005859375,9.241838455200195
349,1,1000,1000,236.61488342285156,9.241839408874512
350,1,1000,1000,236.37921142578125,9.241846084594727
351,1,1000,1000,236.10113525390625,9.241844177246094
352,1,1000,1000,235.77850341796875,9.241842269897461
353,1,1000,1000,235.4090118408203,9.241839408874512
354,1,1000,1000,234.990478515625,9.241841316223145
355,1,1000,1000,234.52088928222656,9.241847038269043
356,1,1000,1000,233.9982452392578,9.241843223571777
357,1,1000,1000,233.42044067382812,9.241843223571777
358,1,1000,1000,232.78565979003906,9.241844177246094
359,1,1000,1000,232.09202575683594,9.24184513092041
360,1,1000,1000,231.3377685546875,9.241848945617676
361,1,1000,1000,230.53689575195312,9.24185562133789
362,1,1000,1000,229.6988525390625,9.24184799194336
363,1,1000,1000,228.87681579589844,9.241864204406738
364,1,1000,1000,228.07131958007812,9.241875648498535
365,1,1000,1000,227.26161193847656,9.241876602172852
366,1,1000,1000,226.44900512695312,9.241865158081055
367,1,1000,1000,225.64134216308594,9.241850852966309
368,1,1000,1000,224.84837341308594,9.241835594177246
369,1,1000,1000,224.07862854003906,9.24183177947998
370,1,1000,1000,223.33627319335938,9.241833686828613
371,1,1000,1000,222.62335205078125,9.241838455200195
372,1,1000,1000,221.94161987304688,9.241840362548828
373,1,1000,1000,221.29347229003906,9.241841316223145
374,1,1000,1000,220.67808532714844,9.241836547851562
375,1,1000,1000,220.10606384277344,9.241837501525879
376,1,1000,1000,219.5869140625,9.241837501525879
377,1,1000,1000,219.12567138671875,9.241836547851562
378,1,1000,1000,218.72384643554688,9.241837501525879
379,1,1000,1000,218.38137817382812,9.241836547851562
380,1,1000,1000,218.097412109375,9.241837501525879
381,1,1000,1000,217.87132263183594,9.241836547851562
382,1,1000,1000,217.703125,9.24183464050293
383,1,1000,1000,217.59085083007812,9.241833686828613
384,1,1000,1000,217.53329467773438,9.241833686828613
385,1,1000,1000,217.52957153320312,9.24183464050293
386,1,1000,1000,217.5787811279297,9.241836547851562
387,1,1000,1000,217.67958068847656,9.241838455200195
388,1,1000,1000,217.8303680419922,9.241840362548828
389,1,1000,1000,218.02938842773438,9.241841316223145
390,1,1000,1000,218.27476501464844,9.241844177246094
391,1,1000,1000,218.56480407714844,9.241844177246094
392,1,1000,1000,218.8978271484375,9.241844177246094
393,1,1000,1000,219.2721405029297,9.24184513092041
394,1,1000,1000,219.68544006347656,9.24184799194336
395,1,1000,1000,220.13580322265625,9.241851806640625
396,1,1000,1000,220.6219482421875,9.241854667663574
397,1,1000,1000,221.1432342529297,9.241851806640625
398,1,1000,1000,221.69943237304688,9.241847038269043
399,1,1000,1000,222.2901611328125,9.241847038269043
400,1,1000,1000,222.9151611328125,9.24184799194336
401,1,1000,1000,223.5741424560547,9.241852760314941
402,1,1000,1000,224.2668914794922,9.241850852966309
403,1,1000,1000,224.9933319091797,9.241847038269043
404,1,1000,1000,225.75302124023438,9.241848945617676
405,1,1000,1000,226.5458221435547,9.241847038269043
406,1,1000,1000,227.3713836669922,9.241848945617676
407,1,1000,1000,228.2295684814453,9.241850852966309
408,1,1000,1000,229.11993408203125,9.241851806640625
409,1,1000,1000,230.04217529296875,9.241852760314941
410,1,1000,1000,230.9959716796875,9.241847038269043
411,1,1000,1000,231.98094177246094,9.241846084594727
412,1,1000,1000,232.996826171875,9.241837501525879
413,1,1000,1000,234.0432891845703,9.241827964782715
414,1,1000,1000,235.12008666992188,9.241825103759766
415,1,1000,1000,236.226806640625,9.241827011108398
416,1,1000,1000,237.36312866210938,9.241830825805664
417,1,1000,1000,238.51504516601562,9.241840362548828
418,1,1000,1000,239.6708526611328,9.24184513092041
419,1,1000,1000,240.82632446289062,9.241848945617676
420,1,1000,1000,241.98121643066406,9.24184799194336
421,1,1000,1000,243.04725646972656,9.241863250732422
422,1,1000,1000,244.03660583496094,9.241869926452637
423,1,1000,1000,244.9711151123047,9.241859436035156
424,1,1000,1000,245.85739135742188,9.241844177246094
425,1,1000,1000,246.69227600097656,9.241830825805664
426,1,1000,1000,247.47003173828125,9.241822242736816
427,1,1000,1000,248.18748474121094,9.24181842803955
428,1,1000,1000,248.84449768066406,9.241823196411133
429,1,1000,1000,249.437744140625,9.241829872131348
430,1,1000,1000,249.96490478515625,9.24183464050293
431,1,1000,1000,250.42816162109375,9.24183464050293
432,1,1000,1000,250.8305206298828,9.241833686828613
433,1,1000,1000,251.17417907714844,9.24183177947998
434,1,1000,1000,251.4600830078125,9.241829872131348
435,1,1000,1000,251.688720703125,9.241829872131348
436,1,1000,1000,251.85977172851562,9.241829872131348
437,1,1000,1000,251.97303771972656,9.241830825805664
438,1,1000,1000,252.0293426513672,9.241832733154297
439,1,1000,1000,252.03033447265625,9.24183464050293
440,1,1000,1000,251.97744750976562,9.241836547851562
441,1,1000,1000,251.8726348876953,9.241838455200195
442,1,1000,1000,251.7178497314453,9.241840362548828
443,1,1000,1000,251.51470947265625,9.241842269897461
444,1,1000,1000,251.26504516601562,9.241843223571777
445,1,1000,1000,250.9706573486328,9.24184513092041
446,1,1000,1000,250.63307189941406,9.24184513092041
447,1,1000,1000,250.2541046142578,9.24184513092041
448,1,1000,1000,249.83628845214844,9.241844177246094
449,1,1000,1000,249.54745483398438,9.241872787475586
450,1,1000,1000,249.35507202148438,9.241890907287598
451,1,1000,1000,249.21652221679688,9.241886138916016
452,1,1000,1000,249.11428833007812,9.241865158081055
453,1,1000,1000,249.05307006835938,9.24184513092041
454,1,1000,1000,249.0191650390625,9.241838455200195
455,1,1000,1000,248.9967041015625,9.24184513092041
456,1,1000,1000,248.97930908203125,9.24185848236084
457,1,1000,1000,248.96607971191406,9.241870880126953
458,1,1000,1000,248.95724487304688,9.241877555847168
459,1,1000,1000,248.952392578125,9.241878509521484
460,1,1000,1000,248.95040893554688,9.241876602172852
461,1,1000,1000,248.9501495361328,9.241873741149902
462,1,1000,1000,248.95069885253906,9.24187183380127
463,1,1000,1000,248.9514923095703,9.241870880126953
464,1,1000,1000,248.95220947265625,9.241870880126953
465,1,1000,1000,248.9528045654297,9.24187183380127
466,1,1000,1000,248.95314025878906,9.241872787475586
467,1,1000,1000,248.95327758789062,9.241872787475586
468,1,1000,1000,248.95339965820312,9.241872787475586
469,1,1000,1000,248.95347595214844,9.241872787475586
470,1,1000,1000,248.95358276367188,9.241872787475586
471,1,1000,1000,248.95362854003906,9.241872787475586
472,1,1000,1000,248.9535675048828,9.241872787475586
473,1,1000,1000,248.95352172851562,9.241872787475586
474,1,1000,1000,248.95359802246094,9.241872787475586
475,1,1000,1000,248.95364379882812,9.241872787475586
476,1,1000,1000,248.9535369873047,9.241872787475586
477,1,1000,1000,248.95359802246094,9.241872787475586
478,1,1000,1000,248.95358276367188,9.241872787475586
479,1,1000,1000,248.95352172851562,9.241872787475586
480,1,1000,1000,249.03561401367188,9.24187183380127
481,1,1000,1000,249.18638610839844,9.241866111755371
482,1,1000,1000,249.38247680664062,9.24185848236084
483,1,1000,1000,249.61351013183594,9.241849899291992
484,1,1000,1000,249.87939453125,9.241844177246094
485,1,1000,1000,250.18348693847656,9.241843223571777
486,1,1000,1000,250.52737426757812,9.241844177246094
487,1,1000,1000,250.91197204589844,9.241847038269043
488,1,1000,1000,251.33900451660156,9.24184799194336
489,1,1000,1000,251.808837890625,9.241849899291992
490,1,1000,1000,252.3199005126953,9.241848945617676
491,1,1000,1000,252.8694305419922,9.241849899291992
492,1,1000,1000,253.4549560546875,9.241848945617676
493,1,1000,1000,254.07473754882812,9.24184513092041
494,1,1000,1000,254.72706604003906,9.241846084594727
495,1,1000,1000,255.41140747070312,9.241849899291992
496,1,1000,1000,256.12847900390625,9.241850852966309
497,1,1000,1000,256.8792724609375,9.241849899291992
498,1,1000,1000,257.6642150878906,9.241847038269043
499,1,1000,1000,258.4834289550781,9.24184799194336
500,1,1000,1000,259.3365783691406,9.241847038269043
501,1,1000,1000,260.22320556640625,9.241840362548828
502,1,1000,1000,261.1429748535156,9.241832733154297
503,1,1000,1000,261.94384765625,9.241863250732422
504,1,1000,1000,262.6380310058594,9.241886138916016
505,1,1000,1000,263.2716064453125,9.2418851852417
506,1,1000,1000,263.86614990234375,9.241866111755371
507,1,1000,1000,264.4207763671875,9.241844177246094
508,1,1000,1000,264.9270935058594,9.241828918457031
509,1,1000,1000,265.3782653808594,9.241826057434082
510,1,1000,1000,265.7711181640625,9.241827964782715
511,1,1000,1000,266.105224609375,9.24183177947998
512,1,1000,1000,266.3815612792969,9.241835594177246
513,1,1000,1000,266.60137939453125,9.241836547851562
514,1,1000,1000,266.7657775878906,9.241835594177246
515,1,1000,1000,266.8707580566406,9.24183464050293
516,1,1000,1000,266.91912841796875,9.241836547851562
517,1,1000,1000,266.94244384765625,9.241844177246094
518,1,1000,1000,266.958984375,9.24185562133789
519,1,1000,1000,266.9734191894531,9.241866111755371
520,1,1000,1000,266.9850158691406,9.241872787475586
521,1,1000,1000,266.9927673339844,9.241875648498535
522,1,1000,1000,266.9969482421875,9.241875648498535
523,1,1000,1000,266.9984130859375,9.241873741149902
524,1,1000,1000,266.998291015625,9.24187183380127
525,1,1000,1000,266.99761962890625,9.241870880126953
526,1,1000,1000,266.9967346191406,9.241870880126953
527,1,1000,1000,266.99603271484375,9.24187183380127
528,1,1000,1000,266.9955139160156,9.24187183380127
529,1,1000,1000,266.99517822265625,9.24187183380127
530,1,1000,1000,266.9949645996094,9.24187183380127
531,1,1000,1000,266.994873046875,9.24187183380127
532,1,1000,1000,266.9949035644531,9.24187183380127
533,1,1000,1000,266.9950256347656,9.24187183380127
534,1,1000,1000,266.99505615234375,9.24187183380127
535,1,1000,1000,266.99505615234375,9.24187183380127
536,1,1000,1000,266.9950256347656,9.24187183380127
537,1,1000,1000,266.9949951171875,9.24187183380127
538,1,1000,1000,266.9949645996094,9.24187183380127
539,1,1000,1000,266.99493408203125,9.24187183380127
540,1,1000,1000,266.9949645996094,9.24187183380127
541,1,1000,1000,267.07696533203125,9.24187183380127
542,1,1000,1000,267.2279052734375,9.241866111755371
543,1,1000,1000,267.424072265625,9.241857528686523
544,1,1000,1000,267.65521240234375,9.241849899291992
545,1,1000,1000,267.921142578125,9.241844177246094
546,1,1000,1000,268.22479248046875,9.241840362548828
547,1,1000,1000,268.56793212890625,9.241841316223145
548,1,1000,1000,268.7801513671875,9.24187183380127
549,1,1000,1000,268.9021301269531,9.241891860961914
550,1,1000,1000,268.9794616699219,9.241888046264648
551,1,1000,1000,269.02191162109375,9.241869926452637
552,1,1000,1000,269.0487060546875,9.241854667663574
553,1,1000,1000,269.0707092285156,9.241850852966309
554,1,1000,1000,269.0896911621094,9.241857528686523
555,1,1000,1000,269.1043701171875,9.241867065429688
556,1,1000,1000,269.1138000488281,9.241873741149902
557,1,1000,1000,269.11865234375,9.241876602172852
558,1,1000,1000,269.1204528808594,9.241875648498535
559,1,1000,1000,269.1204833984375,9.241873741149902
560,1,1000,1000,269.1197814941406,9.24187183380127
561,1,1000,1000,269.1187744140625,9.241870880126953
562,1,1000,1000,269.1180419921875,9.241870880126953
563,1,1000,1000,269.1175231933594,9.24187183380127
564,1,1000,1000,269.11712646484375,9.241872787475586
565,1,1000,1000,269.1169128417969,9.241872787475586
566,1,1000,1000,269.1167907714844,9.241872787475586
567,1,1000,1000,269.11669921875,9.241872787475586
568,1,1000,1000,269.1166687011719,9.241872787475586
569,1,1000,1000,269.11663818359375,9.241872787475586
570,1,1000,1000,269.11663818359375,9.241872787475586
571,1,1000,1000,269.11663818359375,9.241872787475586
572,1,1000,1000,269.11663818359375,9.241872787475586
573,1,1000,1000,269.1986389160156,9.241873741149902
574,1,1000,1000,269.3495178222656,9.241868019104004
575,1,1000,1000,269.5455322265625,9.24185848236084
576,1,1000,1000,269.63629150390625,9.241872787475586
577,1,1000,1000,269.6560363769531,9.241888046264648
578,1,1000,1000,269.65655517578125,9.241890907287598
579,1,1000,1000,269.6611633300781,9.241884231567383
580,1,1000,1000,269.67236328125,9.241875648498535
581,1,1000,1000,269.6855163574219,9.241869926452637
582,1,1000,1000,269.6966247558594,9.24186897277832
583,1,1000,1000,269.7039489746094,9.241869926452637
584,1,1000,1000,269.7078857421875,9.24187183380127
585,1,1000,1000,269.70941162109375,9.241872787475586
586,1,1000,1000,269.7095642089844,9.241872787475586
587,1,1000,1000,269.7092590332031,9.241872787475586
588,1,1000,1000,269.708740234375,9.241872787475586
589,1,1000,1000,269.708251953125,9.241872787475586
590,1,1000,1000,269.7079162597656,9.241872787475586
591,1,1000,1000,269.7076110839844,9.241872787475586
592,1,1000,1000,269.7074890136719,9.241872787475586
593,1,1000,1000,269.7075500488281,9.241872787475586
594,1,1000,1000,269.7076110839844,9.241872787475586
595,1,1000,1000,269.70751953125,9.241872787475586
596,1,1000,1000,269.70758056640625,9.241872787475586
597,1,1000,1000,269.7076110839844,9.241872787475586
598,1,1000,1000,269.7075500488281,9.241872787475586
599,1,1000,1000,269.70751953125,9.241872787475586
600,1,1000,1000,269.7076110839844,9.241872787475586
601,1,1000,1000,269.70758056640625,9.241872787475586
602,1,1000,1000,269.70758056640625,9.241872787475586
603,1,1000,1000,269.7895202636719,9.241872787475586
604,1,1000,1000,269.9402770996094,9.241868019104004
605,1,1000,1000,270.1363525390625,9.24185848236084
606,1,1000,1000,270.3674011230469,9.241848945617676
607,1,1000,1000,270.47198486328125,9.241869926452637
608,1,1000,1000,270.4954833984375,9.241888046264648
609,1,1000,1000,270.4986267089844,9.241890907287598
610,1,1000,1000,270.5072937011719,9.241883277893066
611,1,1000,1000,270.5230712890625,9.241873741149902
612,1,1000,1000,270.5401916503906,9.24186897277832
613,1,1000,1000,270.55389404296875,9.241868019104004
614,1,1000,1000,270.5627136230469,9.241869926452637
615,1,1000,1000,270.56732177734375,9.24187183380127
616,1,1000,1000,270.5689697265625,9.241872787475586
617,1,1000,1000,270.569091796875,9.241872787475586
618,1,1000,1000,270.568603515625,9.241872787475586
619,1,1000,1000,270.56787109375,9.241872787475586
620,1,1000,1000,270.5672607421875,9.241872787475586
621,1,1000,1000,270.5667724609375,9.241872787475586
622,1,1000,1000,270.56640625,9.241872787475586
623,1,1000,1000,270.64801025390625,9.241872787475586
624,1,1000,1000,270.7984313964844,9.241867065429688
625,1,1000,1000,270.9941101074219,9.24185848236084
626,1,1000,1000,271.22491455078125,9.241849899291992
627,1,1000,1000,271.49066162109375,9.24184513092041
628,1,1000,1000,271.6166076660156,9.241870880126953
629,1,1000,1000,271.65093994140625,9.241889953613281
630,1,1000,1000,271.6595153808594,9.241889953613281
631,1,1000,1000,271.6719970703125,9.241878509521484
632,1,1000,1000,271.69134521484375,9.24186897277832
633,1,1000,1000,271.7114562988281,9.241865158081055
634,1,1000,1000,271.7274475097656,9.241867065429688
635,1,1000,1000,271.7377014160156,9.241870880126953
636,1,1000,1000,271.7428894042969,9.241873741149902
637,1,1000,1000,271.7447814941406,9.241874694824219
638,1,1000,1000,271.7447204589844,9.241873741149902
639,1,1000,1000,271.7439880371094,9.241872787475586
640,1,1000,1000,271.7431640625,9.24187183380127
641,1,1000,1000,271.7424011230469,9.24187183380127
642,1,1000,1000,271.7418518066406,9.24187183380127
643,1,1000,1000,271.7416687011719,9.24187183380127
644,1,1000,1000,271.741455078125,9.24187183380127
645,1,1000,1000,271.8232727050781,9.24187183380127
646,1,1000,1000,271.97393798828125,9.241866111755371
647,1,1000,1000,272.169921875,9.241857528686523
648,1,1000,1000,272.2606201171875,9.241872787475586
649,1,1000,1000,272.28021240234375,9.241888046264648
650,1,1000,1000,272.2808532714844,9.241890907287598
651,1,1000,1000,272.28546142578125,9.241884231567383
652,1,1000,1000,272.2967224121094,9.241875648498535
653,1,1000,1000,272.3100280761719,9.241869926452637
654,1,1000,1000,272.3211669921875,9.24186897277832
655,1,1000,1000,272.3285827636719,9.241869926452637
656,1,1000,1000,272.33251953125,9.24187183380127
657,1,1000,1000,272.3340148925781,9.241872787475586
658,1,1000,1000,272.3341979980469,9.241872787475586
659,1,1000,1000,272.3338317871094,9.241872787475586
660,1,1000,1000,272.3334045410156,9.241872787475586
661,1,1000,1000,272.33294677734375,9.241872787475586
662,1,1000,1000,272.3325500488281,9.241872787475586
663,1,1000,1000,272.33233642578125,9.241872787475586
664,1,1000,1000,272.4140625,9.24187183380127
665,1,1000,1000,272.5645446777344,9.241866111755371
666,1,1000,1000,272.7603454589844,9.241857528686523
667,1,1000,1000,272.8510437011719,9.241872787475586
668,1,1000,1000,272.8706359863281,9.241888999938965
669,1,1000,1000,272.8709716796875,9.241891860961914
670,1,1000,1000,272.8755187988281,9.2418851852417
671,1,1000,1000,272.8866882324219,9.241876602172852
672,1,1000,1000,272.8999328613281,9.241870880126953
673,1,1000,1000,272.9111328125,9.24186897277832
674,1,1000,1000,272.9186096191406,9.241869926452637
675,1,1000,1000,272.9225769042969,9.24187183380127
676,1,1000,1000,272.924072265625,9.241872787475586
677,1,1000,1000,272.92431640625,9.241872787475586
678,1,1000,1000,272.9239196777344,9.241872787475586
679,1,1000,1000,272.92333984375,9.241872787475586
680,1,1000,1000,272.9228515625,9.241872787475586
681,1,1000,1000,272.9224853515625,9.241872787475586
682,1,1000,1000,272.9222106933594,9.241872787475586
683,1,1000,1000,273.00390625,9.241872787475586
684,1,1000,1000,273.1545104980469,9.241868019104004
685,1,1000,1000,273.3504333496094,9.241857528686523
686,1,1000,1000,273.58135986328125,9.241848945617676
687,1,1000,1000,273.84716796875,9.241843223571777
688,1,1000,1000,274.1507873535156,9.241842269897461
689,1,1000,1000,274.4936828613281,9.241842269897461
690,1,1000,1000,274.87786865234375,9.241844177246094
691,1,1000,1000,275.3048400878906,9.241848945617676
692,1,1000,1000,275.77386474609375,9.241848945617676
693,1,1000,1000,276.282470703125,9.241852760314941
694,1,1000,1000,276.8277282714844,9.241851806640625
695,1,1000,1000,277.4075012207031,9.241846084594727
696,1,1000,1000,278.02056884765625,9.241843223571777
697,1,1000,1000,278.6673278808594,9.241844177246094
698,1,1000,1000,279.1927490234375,9.241872787475586
699,1,1000,1000,279.615234375,9.241893768310547
700,1,1000,1000,279.9824523925781,9.241886138916016
701,1,1000,1000,280.3144836425781,9.241866111755371
702,1,1000,1000,280.6099853515625,9.241844177246094
703,1,1000,1000,280.8602294921875,9.241832733154297
704,1,1000,1000,281.0579528808594,9.241828918457031
705,1,1000,1000,281.1981201171875,9.241829872131348
706,1,1000,1000,281.2740783691406,9.241833686828613
707,1,1000,1000,281.3080749511719,9.241841316223145
708,1,1000,1000,281.3267822265625,9.241851806640625
709,1,1000,1000,281.3418273925781,9.241863250732422
710,1,1000,1000,281.29217529296875,9.241865158081055
711,1,1000,1000,281.17608642578125,9.241859436035156
712,1,1000,1000,281.0060729980469,9.241850852966309
713,1,1000,1000,280.7908630371094,9.241846084594727
714,1,1000,1000,280.5338134765625,9.241844177246094
715,1,1000,1000,280.2353515625,9.241846084594727
716,1,1000,1000,279.8952941894531,9.24184799194336
717,1,1000,1000,279.5137023925781,9.24184799194336
718,1,1000,1000,279.0931091308594,9.241847038269043
719,1,1000,1000,278.634765625,9.241849899291992
720,1,1000,1000,278.1396484375,9.241851806640625
721,1,1000,1000,277.6085510253906,9.241850852966309
722,1,1000,1000,277.2027587890625,9.241877555847168
723,1,1000,1000,276.8785095214844,9.241891860961914
724,1,1000,1000,276.604736328125,9.241883277893066
725,1,1000,1000,276.375,9.241863250732422
726,1,1000,1000,276.1915283203125,9.241843223571777
727,1,1000,1000,276.0610656738281,9.241832733154297
728,1,1000,1000,275.9925537109375,9.241830825805664
729,1,1000,1000,275.961181640625,9.241838455200195
730,1,1000,1000,275.943115234375,9.241851806640625
731,1,1000,1000,275.9286193847656,9.241865158081055
732,1,1000,1000,275.9164733886719,9.241873741149902
733,1,1000,1000,275.9075622558594,9.241876602172852
734,1,1000,1000,275.90234375,9.241875648498535
735,1,1000,1000,275.8999938964844,9.241873741149902
736,1,1000,1000,275.8995056152344,9.24187183380127
737,1,1000,1000,275.89996337890625,9.241870880126953
738,1,1000,1000,275.90057373046875,9.241870880126953
739,1,1000,1000,275.90118408203125,9.241870880126953
740,1,1000,1000,275.90167236328125,9.24187183380127
741,1,1000,1000,275.9020080566406,9.24187183380127
742,1,1000,1000,275.90216064453125,9.24187183380127
743,1,1000,1000,275.9022521972656,9.24187183380127
744,1,1000,1000,275.9023132324219,9.24187183380127
745,1,1000,1000,275.9023742675781,9.24187183380127
746,1,1000,1000,275.90240478515625,9.24187183380127
747,1,1000,1000,275.90240478515625,9.24187183380127
748,1,1000,1000,275.9024353027344,9.24187183380127
749,1,1000,1000,275.9024353027344,9.24187183380127
750,1,1000,1000,275.9024353027344,9.24187183380127
751,1,1000,1000,275.9024353027344,9.24187183380127
752,1,1000,1000,275.82037353515625,9.24187183380127
753,1,1000,1000,275.6694030761719,9.241867065429688
754,1,1000,1000,275.4732360839844,9.241857528686523
755,1,1000,1000,275.2420349121094,9.241848945617676
756,1,1000,1000,274.9756774902344,9.241842269897461
757,1,1000,1000,274.6707458496094,9.241841316223145
758,1,1000,1000,274.503662109375,9.241870880126953
759,1,1000,1000,274.42852783203125,9.241891860961914
760,1,1000,1000,274.3963928222656,9.241888999938965
761,1,1000,1000,274.3759765625,9.241873741149902
762,1,1000,1000,274.3548278808594,9.241861343383789
763,1,1000,1000,274.3333740234375,9.24185848236084
764,1,1000,1000,274.3154602050781,9.241863250732422
765,1,1000,1000,274.30322265625,9.241869926452637
766,1,1000,1000,274.29644775390625,9.241874694824219
767,1,1000,1000,274.293701171875,9.241875648498535
768,1,1000,1000,274.293212890625,9.241874694824219
769,1,1000,1000,274.293701171875,9.241872787475586
770,1,1000,1000,274.294677734375,9.24187183380127
771,1,1000,1000,274.29559326171875,9.24187183380127
772,1,1000,1000,274.2962341308594,9.24187183380127
773,1,1000,1000,274.29669189453125,9.24187183380127
774,1,1000,1000,274.29693603515625,9.24187183380127
775,1,1000,1000,274.2970886230469,9.24187183380127
776,1,1000,1000,274.2972106933594,9.24187183380127
777,1,1000,1000,274.2972717285156,9.24187183380127
778,1,1000,1000,274.2972717285156,9.24187183380127
779,1,1000,1000,274.2973327636719,9.24187183380127
780,1,1000,1000,274.29736328125,9.24187183380127
781,1,1000,1000,274.2973327636719,9.24187183380127
782,1,1000,1000,274.2973327636719,9.24187183380127
783,1,1000,1000,274.29742431640625,9.24187183380127
784,1,1000,1000,274.29742431640625,9.24187183380127
785,1,1000,1000,274.29742431640625,9.24187183380127
786,1,1000,1000,274.29742431640625,9.24187183380127
787,1,1000,1000,274.29742431640625,9.24187183380127
788,1,1000,1000,274.29742431640625,9.24187183380127
789,1,1000,1000,274.2974548339844,9.24187183380127
790,1,1000,1000,274.2974548339844,9.24187183380127
791,1,1000,1000,274.2974548339844,9.24187183380127
792,1,1000,1000,274.2974548339844,9.24187183380127
793,1,1000,1000,274.2974548339844,9.24187183380127
794,1,1000,1000,274.2974548339844,9.24187183380127
795,1,1000,1000,274.2974548339844,9.24187183380127
796,1,1000,1000,274.2974853515625,9.24187183380127
797,1,1000,1000,274.2974853515625,9.24187183380127
798,1,1000,1000,274.2974853515625,9.24187183380127
799,1,1000,1000,274.2974853515625,9.24187183380127
800,1,1000,1000,274.2974853515625,9.24187183380127
801,1,1000,1000,274.2974853515625,9.24187183380127
802,1,1000,1000,274.2974853515625,9.24187183380127
803,1,1000,1000,274.3002014160156,9.24187183380127
804,1,1000,1000,274.3046875,9.24187183380127
805,1,1000,1000,274.3096923828125,9.24187183380127
806,1,1000,1000,274.31488037109375,9.24187183380127
807,1,1000,1000,274.32012939453125,9.24187183380127
808,1,1000,1000,274.3255920410156,9.24187183380127
809,1,1000,1000,274.33392333984375,9.24187183380127
810,1,1000,1000,274.3441162109375,9.24187183380127
811,1,1000,1000,274.3550109863281,9.24187183380127
812,1,1000,1000,274.36614990234375,9.24187183380127
813,1,1000,1000,274.3773498535156,9.24187183380127
814,1,1000,1000,274.38873291015625,9.24187183380127
815,1,1000,1000,274.4002990722656,9.24187183380127
816,1,1000,1000,274.4120788574219,9.24187183380127
817,1,1000,1000,274.42401123046875,9.24187183380127
818,1,1000,1000,274.4360656738281,9.24187183380127
819,1,1000,1000,274.44818115234375,9.24187183380127
820,1,1000,1000,274.46026611328125,9.24187183380127
821,1,1000,1000,274.4722900390625,9.24187183380127
822,1,1000,1000,274.4842834472656,9.24187183380127
823,1,1000,1000,274.4935607910156,9.24187183380127
824,1,1000,1000,274.5010986328125,9.24187183380127
825,1,1000,1000,274.50811767578125,9.24187183380127
826,1,1000,1000,274.5150146484375,9.24187183380127
827,1,1000,1000,274.521728515625,9.24187183380127
828,1,1000,1000,274.5283508300781,9.24187183380127
829,1,1000,1000,274.53472900390625,9.24187183380127
830,1,1000,1000,274.5409240722656,9.24187183380127
831,1,1000,1000,274.5469970703125,9.24187183380127
832,1,1000,1000,274.5530090332031,9.24187183380127
833,1,1000,1000,274.5589904785156,9.24187183380127
834,1,1000,1000,274.5649719238281,9.24187183380127
835,1,1000,1000,274.5710144042969,9.24187183380127
836,1,1000,1000,274.5770263671875,9.24187183380127
837,1,1000,1000,274.5830078125,9.24187183380127
838,1,1000,1000,274.58905029296875,9.24187183380127
839,1,1000,1000,274.5950927734375,9.24187183380127
840,1,1000,1000,274.60107421875,9.24187183380127
841,1,1000,1000,274.6070556640625,9.24187183380127
842,1,1000,1000,274.6130676269531,9.24187183380127
843,1,1000,1000,274.619140625,9.24187183380127
844,1,1000,1000,274.6251220703125,9.24187183380127
845,1,1000,1000,274.6283264160156,9.24187183380127
846,1,1000,1000,274.62982177734375,9.24187183380127
847,1,1000,1000,274.6308288574219,9.24187183380127
848,1,1000,1000,274.63165283203125,9.24187183380127
849,1,1000,1000,274.6324157714844,9.24187183380127
850,1,1000,1000,274.6330261230469,9.24187183380127
851,1,1000,1000,274.6333923339844,9.24187183380127
852,1,1000,1000,274.6336364746094,9.24187183380127
853,1,1000,1000,274.6337585449219,9.24187183380127
854,1,1000,1000,274.6338195800781,9.24187183380127
855,1,1000,1000,274.63385009765625,9.24187183380127
856,1,1000,1000,274.6338806152344,9.24187183380127
857,1,1000,1000,274.6339416503906,9.24187183380127
858,1,1000,1000,274.6340026855469,9.24187183380127
859,1,1000,1000,274.6340637207031,9.24187183380127
860,1,1000,1000,274.634033203125,9.24187183380127
861,1,1000,1000,274.634033203125,9.24187183380127
862,1,1000,1000,274.634033203125,9.24187183380127
863,1,1000,1000,274.634033203125,9.24187183380127
864,1,1000,1000,274.634033203125,9.24187183380127
865,1,1000,1000,274.6340637207031,9.24187183380127
866,1,1000,1000,274.634033203125,9.24187183380127
867,1,1000,1000,274.6340637207031,9.24187183380127
868,1,1000,1000,274.6340026855469,9.24187183380127
869,1,1000,1000,274.634033203125,9.24187183380127
870,1,1000,1000,274.6340637207031,9.24187183380127
871,1,1000,1000,274.634033203125,9.24187183380127
872,1,1000,1000,274.63397216796875,9.24187183380127
873,1,1000,1000,274.63397216796875,9.24187183380127
874,1,1000,1000,274.634033203125,9.24187183380127
875,1,1000,1000,274.63409423828125,9.24187183380127
876,1,1000,1000,274.6340637207031,9.24187183380127
877,1,1000,1000,274.6340026855469,9.24187183380127
878,1,1000,1000,274.6340026855469,9.24187183380127
879,1,1000,1000,274.6340637207031,9.24187183380127
880,1,1000,1000,274.634033203125,9.24187183380127
881,1,1000,1000,274.634033203125,9.24187183380127
882,1,1000,1000,274.6340026855469,9.24187183380127
883,1,1000,1000,274.634033203125,9.24187183380127
884,1,1000,1000,274.6340637207031,9.24187183380127
885,1,1000,1000,274.6340637207031,9.24187183380127
886,1,1000,1000,274.63397216796875,9.24187183380127
887,1,1000,1000,274.63397216796875,9.24187183380127
888,1,1000,1000,274.634033203125,9.24187183380127
889,1,1000,1000,274.63409423828125,9.24187183380127
890,1,1000,1000,274.6340637207031,9.24187183380127
891,1,1000,1000,274.6340026855469,9.24187183380127
892,1,1000,1000,274.6340026855469,9.24187183380127
893,1,1000,1000,274.6340637207031,9.24187183380127
894,1,1000,1000,274.634033203125,9.24187183380127
895,1,1000,1000,274.6340637207031,9.24187183380127
896,1,1000,1000,274.6340026855469,9.24187183380127
897,1,1000,1000,274.634033203125,9.24187183380127
898,1,1000,1000,274.6340637207031,9.24187183380127
899,1,1000,1000,274.634033203125,9.24187183380127
900,1,1000,1000,274.63397216796875,9.24187183380127
901,1,1000,1000,274.63397216796875,9.24187183380127
902,1,1000,1000,274.6340026855469,9.24187183380127
903,1,1000,1000,274.63409423828125,9.24187183380127
904,1,1000,1000,274.6340637207031,9.24187183380127
905,1,1000,1000,274.63397216796875,9.24187183380127
906,1,1000,1000,274.63397216796875,9.24187183380127
907,1,1000,1000,274.634033203125,9.24187183380127
908,1,1000,1000,274.6340637207031,9.24187183380127
909,1,1000,1000,274.6340026855469,9.24187183380127
910,1,1000,1000,274.6340026855469,9.24187183380127
911,1,1000,1000,274.6340637207031,9.24187183380127
912,1,1000,1000,274.634033203125,9.24187183380127
913,1,1000,1000,274.6340026855469,9.24187183380127
914,1,1000,1000,274.634033203125,9.24187183380127
915,1,1000,1000,274.63409423828125,9.24187183380127
916,1,1000,1000,274.6340637207031,9.24187183380127
917,1,1000,1000,274.63397216796875,9.24187183380127
918,1,1000,1000,274.63397216796875,9.24187183380127
919,1,1000,1000,274.634033203125,9.24187183380127
920,1,1000,1000,274.6340637207031,9.24187183380127
921,1,1000,1000,274.6340637207031,9.24187183380127
922,1,1000,1000,274.634033203125,9.24187183380127
923,1,1000,1000,274.6340637207031,9.24187183380127
924,1,1000,1000,274.634033203125,9.24187183380127
925,1,1000,1000,274.634033203125,9.24187183380127
926,1,1000,1000,274.634033203125,9.24187183380127
927,1,1000,1000,274.634033203125,9.24187183380127
928,1,1000,1000,274.634033203125,9.24187183380127
929,1,1000,1000,274.6340637207031,9.24187183380127
930,1,1000,1000,274.6340026855469,9.24187183380127
931,1,1000,1000,274.634033203125,9.24187183380127
932,1,1000,1000,274.634033203125,9.24187183380127
933,1,1000,1000,274.634033203125,9.24187183380127
934,1,1000,1000,274.634033203125,9.24187183380127
935,1,1000,1000,274.6340637207031,9.24187183380127
936,1,1000,1000,274.6340026855469,9.24187183380127
937,1,1000,1000,274.634033203125,9.24187183380127
938,1,1000,1000,274.634033203125,9.24187183380127
939,1,1000,1000,274.634033203125,9.24187183380127
940,1,1000,1000,274.634033203125,9.24187183380127
941,1,1000,1000,274.6340637207031,9.24187183380127
942,1,1000,1000,274.634033203125,9.24187183380127
943,1,1000,1000,274.634033203125,9.24187183380127
944,1,1000,1000,274.634033203125,9.24187183380127
945,1,1000,1000,274.634033203125,9.24187183380127
946,1,1000,1000,274.634033203125,9.24187183380127
947,1,1000,1000,274.6340637207031,9.24187183380127
948,1,1000,1000,274.6340026855469,9.24187183380127
949,1,1000,1000,274.634033203125,9.24187183380127
950,1,1000,1000,274.634033203125,9.24187183380127
951,1,1000,1000,274.634033203125,9.24187183380127
952,1,1000,1000,274.634033203125,9.24187183380127
953,1,1000,1000,274.6340637207031,9.24187183380127
954,1,1000,1000,274.6340026855469,9.24187183380127
955,1,1000,1000,274.634033203125,9.24187183380127
956,1,1000,1000,274.634033203125,9.24187183380127
957,1,1000,1000,274.634033203125,9.24187183380127
958,1,1000,1000,274.6340026855469,9.24187183380127
959,1,1000,1000,274.6340637207031,9.24187183380127
960,1,1000,1000,274.6340026855469,9.24187183380127
961,1,1000,1000,274.634033203125,9.24187183380127
962,1,1000,1000,274.634033203125,9.24187183380127
963,1,1000,1000,274.634033203125,9.24187183380127
964,1,1000,1000,274.634033203125,9.24187183380127
965,1,1000,1000,274.6340637207031,9.24187183380127
966,1,1000,1000,274.6340026855469,9.24187183380127
967,1,1000,1000,274.634033203125,9.24187183380127
968,1,1000,1000,274.634033203125,9.24187183380127
969,1,1000,1000,274.634033203125,9.24187183380127
970,1,1000,1000,274.6340026855469,9.24187183380127
971,1,1000,1000,274.6340637207031,9.24187183380127
972,1,1000,1000,274.6340026855469,9.24187183380127
973,1,1000,1000,274.634033203125,9.24187183380127
974,1,1000,1000,274.634033203125,9.24187183380127
975,1,1000,1000,274.634033203125,9.24187183380127
976,1,1000,1000,274.6340026855469,9.24187183380127
977,1,1000,1000,274.6340637207031,9.24187183380127
978,1,1000,1000,274.6340026855469,9.24187183380127
979,1,1000,1000,274.634033203125,9.24187183380127
980,1,1000,1000,274.634033203125,9.24187183380127
981,1,1000,1000,274.634033203125,9.24187183380127
982,1,1000,1000,274.6340026855469,9.24187183380127
983,1,1000,1000,274.634033203125,9.24187183380127
984,1,1000,1000,274.6340026855469,9.24187183380127
985,1,1000,1000,274.634033203125,9.24187183380127
986,1,1000,1000,274.6340637207031,9.24187183380127
987,1,1000,1000,274.634033203125,9.24187183380127
988,1,1000,1000,274.63397216796875,9.24187183380127
