1,1,1000,1000,241.39773559570312,30.0
2,1,1000,1000,247.95181274414062,29.975475311279297
3,1,1000,1000,247.31948852539062,29.92667007446289
4,1,1000,1000,245.9580078125,29.85382843017578
5,1,1000,1000,244.7811279296875,29.757190704345703
6,1,1000,1000,243.64439392089844,29.636993408203125
7,1,1000,1000,242.5107879638672,29.493473052978516
8,1,1000,1000,241.3824005126953,29.326862335205078
9,1,1000,1000,240.2604217529297,29.137393951416016
10,1,1000,1000,239.1448516845703,28.925294876098633
11,1,1000,1000,238.03558349609375,28.690792083740234
12,1,1000,1000,236.93255615234375,28.43410873413086
13,1,1000,1000,235.83584594726562,28.155467987060547
14,1,1000,1000,234.74533081054688,27.85508918762207
15,1,1000,1000,233.6610107421875,27.533187866210938
16,1,1000,1000,232.58279418945312,27.18998146057129
17,1,1000,1000,231.51068115234375,26.825681686401367
18,1,1000,1000,230.44467163085938,26.440500259399414
19,1,1000,1000,229.3846893310547,26.034645080566406
20,1,1000,1000,228.33071899414062,25.60832405090332
21,1,1000,1000,227.28271484375,25.161741256713867
22,1,1000,1000,226.24063110351562,24.695098876953125
23,1,1000,1000,225.20448303222656,24.20859718322754
24,1,1000,1000,224.17417907714844,23.702436447143555
25,1,1000,1000,223.14971923828125,23.17681121826172
26,1,1000,1000,222.13107299804688,22.63191795349121
27,1,1000,1000,221.11817932128906,22.067949295043945
28,1,1000,1000,220.1110382080078,21.48509407043457
29,1,1000,1000,219.10960388183594,20.883543014526367
30,1,1000,1000,218.11383056640625,20.26348304748535
31,1,1000,1000,217.12368774414062,19.625097274780273
32,1,1000,1000,216.13919067382812,18.968570709228516
33,1,1000,1000,215.1602325439453,18.294084548950195
34,1,1000,1000,214.1868438720703,17.601818084716797
35,1,1000,1000,213.2189483642578,16.891948699951172
36,1,1000,1000,212.2565460205078,16.164653778076172
37,1,1000,1000,211.29962158203125,15.420106887817383
38,1,1000,1000,210.34808349609375,14.658480644226074
39,1,1000,1000,209.40196228027344,13.879945755004883
40,1,1000,1000,208.46121215820312,13.084671020507812
41,1,1000,1000,207.5257568359375,12.272823333740234
42,1,1000,1000,206.59561157226562,11.44456958770752
43,1,1000,1000,205.67071533203125,10.60007381439209
44,1,1000,1000,204.75108337402344,9.739498138427734
45,1,1000,1000,203.836669921875,8.86300277709961
46,1,1000,1000,203.39529418945312,8.57837963104248
47,1,1000,1000,203.3069305419922,8.723734855651855
48,1,1000,1000,203.35231018066406,9.022008895874023
49,1,1000,1000,203.3947296142578,9.293240547180176
50,1,1000,1000,203.4322509765625,9.536837577819824
51,1,1000,1000,203.46939086914062,9.753231048583984
52,1,1000,1000,203.50643920898438,9.942790985107422
53,1,1000,1000,203.5432891845703,10.105842590332031
54,1,1000,1000,203.57992553710938,10.242687225341797
55,1,1000,1000,203.61636352539062,10.353607177734375
56,1,1000,1000,203.65261840820312,10.438874244689941
57,1,1000,1000,203.68862915039062,10.49875259399414
58,1,1000,1000,203.72445678710938,10.533500671386719
59,1,1000,1000,203.76007080078125,10.54337215423584
60,1,1000,1000,203.7954864501953,10.528616905212402
61,1,1000,1000,203.83070373535156,10.489482879638672
62,1,1000,1000,203.86572265625,10.426214218139648
63,1,1000,1000,203.90052795410156,10.3390531539917
64,1,1000,1000,203.93515014648438,10.228238105773926
65,1,1000,1000,203.96957397460938,10.094006538391113
66,1,1000,1000,204.00381469726562,9.936592102050781
67,1,1000,1000,204.037841796875,9.756226539611816
68,1,1000,1000,204.07167053222656,9.553139686584473
69,1,1000,1000,204.10533142089844,9.327558517456055
70,1,1000,1000,204.1387939453125,9.079708099365234
71,1,1000,1000,204.15438842773438,9.026087760925293
72,1,1000,1000,204.15643310546875,9.094587326049805
73,1,1000,1000,204.15328979492188,9.193733215332031
74,1,1000,1000,204.15023803710938,9.267496109008789
75,1,1000,1000,204.14735412597656,9.315864562988281
76,1,1000,1000,204.14450073242188,9.339143753051758
77,1,1000,1000,204.14163208007812,9.337616920471191
78,1,1000,1000,204.13876342773438,9.311552047729492
79,1,1000,1000,204.1359100341797,9.261205673217773
80,1,1000,1000,204.13458251953125,9.227006912231445
81,1,1000,1000,204.13433837890625,9.216349601745605
82,1,1000,1000,204.1344757080078,9.222290992736816
83,1,1000,1000,204.134521484375,9.233901023864746
84,1,1000,1000,204.1343994140625,9.243179321289062
85,1,1000,1000,204.13427734375,9.247172355651855
86,1,1000,1000,204.13418579101562,9.246767044067383
87,1,1000,1000,204.13417053222656,9.244361877441406
88,1,1000,1000,204.13412475585938,9.242045402526855
89,1,1000,1000,204.134033203125,9.240812301635742
90,1,1000,1000,204.13394165039062,9.240671157836914
91,1,1000,1000,204.13388061523438,9.24113655090332
92,1,1000,1000,204.13385009765625,9.241698265075684
93,1,1000,1000,204.13388061523438,9.24205493927002
94,1,1000,1000,204.13388061523438,9.242152214050293
95,1,1000,1000,204.1338653564453,9.24207592010498
96,1,1000,1000,204.13388061523438,9.24194622039795
97,1,1000,1000,204.13388061523438,9.24184799194336
98,1,1000,1000,204.1339111328125,9.241808891296387
99,1,1000,1000,204.13388061523438,9.241817474365234
100,1,1000,1000,204.13385009765625,9.241846084594727
101,1,1000,1000,204.13388061523438,9.24187183380127
102,1,1000,1000,204.13385009765625,9.2418851852417
103,1,1000,1000,204.13388061523438,9.241886138916016
104,1,1000,1000,204.13388061523438,9.241880416870117
105,1,1000,1000,204.13388061523438,9.241873741149902
106,1,1000,1000,204.1338653564453,9.241869926452637
107,1,1000,1000,204.13389587402344,9.24186897277832
108,1,1000,1000,204.13389587402344,9.241869926452637
109,1,1000,1000,204.1338653564453,9.24187183380127
110,1,1000,1000,204.13388061523438,9.241872787475586
111,1,1000,1000,204.1338653564453,9.241872787475586
112,1,1000,1000,204.13388061523438,9.241872787475586
113,1,1000,1000,204.13388061523438,9.241872787475586
114,1,1000,1000,204.1339111328125,9.241872787475586
115,1,1000,1000,204.13388061523438,9.241872787475586
116,1,1000,1000,204.13385009765625,9.241872787475586
117,1,1000,1000,204.13388061523438,9.241872787475586
118,1,1000,1000,204.13385009765625,9.241872787475586
119,1,1000,1000,204.13388061523438,9.241872787475586
120,1,1000,1000,204.1338653564453,9.241872787475586
121,1,1000,1000,204.13388061523438,9.241872787475586
122,1,1000,1000,204.13388061523438,9.241872787475586
123,1,1000,1000,204.13385009765625,9.241872787475586
124,1,1000,1000,204.1338653564453,9.241872787475586
125,1,1000,1000,204.1339111328125,9.241872787475586
126,1,1000,1000,204.13389587402344,9.241872787475586
127,1,1000,1000,204.13388061523438,9.241872787475586
128,1,1000,1000,204.13381958007812,9.241872787475586
129,1,1000,1000,204.13385009765625,9.241872787475586
130,1,1000,1000,204.13388061523438,9.241872787475586
131,1,1000,1000,204.13388061523438,9.241872787475586
132,1,1000,1000,204.13385009765625,9.241872787475586
133,1,1000,1000,204.1338653564453,9.241872787475586
134,1,1000,1000,204.1339111328125,9.241872787475586
135,1,1000,1000,204.1339111328125,9.241872787475586
136,1,1000,1000,204.13388061523438,9.241872787475586
137,1,1000,1000,204.1338348388672,9.241872787475586
138,1,1000,1000,204.13385009765625,9.241872787475586
139,1,1000,1000,204.13388061523438,9.241872787475586
140,1,1000,1000,204.13388061523438,9.241872787475586
141,1,1000,1000,204.13385009765625,9.241872787475586
142,1,1000,1000,204.13388061523438,9.241872787475586
143,1,1000,1000,204.1339111328125,9.241872787475586
144,1,1000,1000,204.1339111328125,9.241872787475586
145,1,1000,1000,204.13388061523438,9.241872787475586
146,1,1000,1000,204.13385009765625,9.241872787475586
147,1,1000,1000,204.13385009765625,9.241872787475586
148,1,1000,1000,204.13389587402344,9.241872787475586
149,1,1000,1000,204.13389587402344,9.241872787475586
150,1,1000,1000,204.1338653564453,9.241872787475586
151,1,1000,1000,204.13388061523438,9.241872787475586
152,1,1000,1000,204.1338653564453,9.241872787475586
153,1,1000,1000,204.13389587402344,9.241872787475586
154,1,1000,1000,204.13388061523438,9.241872787475586
155,1,1000,1000,204.13385009765625,9.241872787475586
156,1,1000,1000,204.1338653564453,9.241872787475586
157,1,1000,1000,204.1339111328125,9.241872787475586
158,1,1000,1000,204.13389587402344,9.241872787475586
159,1,1000,1000,204.13388061523438,9.241872787475586
160,1,1000,1000,204.13388061523438,9.241872787475586
161,1,1000,1000,204.13388061523438,9.241872787475586
162,1,1000,1000,204.1338348388672,9.241872787475586
163,1,1000,1000,204.13385009765625,9.241872787475586
164,1,1000,1000,204.13389587402344,9.241872787475586
165,1,1000,1000,204.13388061523438,9.241872787475586
166,1,1000,1000,204.1338653564453,9.241872787475586
167,1,1000,1000,204.13388061523438,9.241872787475586
168,1,1000,1000,204.1338653564453,9.241872787475586
169,1,1000,1000,204.13388061523438,9.241872787475586
170,1,1000,1000,204.13388061523438,9.241872787475586
171,1,1000,1000,204.13385009765625,9.241872787475586
172,1,1000,1000,204.13385009765625,9.241872787475586
173,1,1000,1000,204.1339111328125,9.241872787475586
174,1,1000,1000,204.13796997070312,9.241872787475586
175,1,1000,1000,204.13494873046875,9.241872787475586
176,1,1000,1000,204.1338348388672,9.241872787475586
177,1,1000,1000,204.1337890625,9.241872787475586
178,1,1000,1000,204.13409423828125,9.241872787475586
179,1,1000,1000,204.1343231201172,9.241872787475586
180,1,1000,1000,204.1343994140625,9.241872787475586
181,1,1000,1000,204.1343994140625,9.241872787475586
182,1,1000,1000,204.1343994140625,9.241872787475586
183,1,1000,1000,204.1343994140625,9.241872787475586
184,1,1000,1000,204.1343994140625,9.241872787475586
185,1,1000,1000,204.1343994140625,9.241872787475586
186,1,1000,1000,204.1343994140625,9.241872787475586
187,1,1000,1000,204.1343994140625,9.241872787475586
188,1,1000,1000,204.13441467285156,9.241872787475586
189,1,1000,1000,204.13442993164062,9.241872787475586
190,1,1000,1000,204.13442993164062,9.241872787475586
191,1,1000,1000,204.1343994140625,9.241872787475586
192,1,1000,1000,204.13430786132812,9.241872787475586
193,1,1000,1000,204.13430786132812,9.241872787475586
194,1,1000,1000,204.13424682617188,9.241872787475586
195,1,1000,1000,204.13427734375,9.241872787475586
196,1,1000,1000,204.1342315673828,9.241872787475586
197,1,1000,1000,204.13424682617188,9.241872787475586
198,1,1000,1000,204.13426208496094,9.241872787475586
199,1,1000,1000,204.13424682617188,9.241872787475586
200,1,1000,1000,204.13424682617188,9.241872787475586
201,1,1000,1000,204.13424682617188,9.241872787475586
202,1,1000,1000,204.13424682617188,9.241872787475586
203,1,1000,1000,204.1342315673828,9.241872787475586
204,1,1000,1000,204.1342315673828,9.241872787475586
205,1,1000,1000,204.1342315673828,9.241872787475586
206,1,1000,1000,204.1342315673828,9.241872787475586
207,1,1000,1000,204.1342315673828,9.241872787475586
208,1,1000,1000,204.1342315673828,9.241872787475586
209,1,1000,1000,204.13424682617188,9.241872787475586
210,1,1000,1000,204.13424682617188,9.241872787475586
211,1,1000,1000,204.13424682617188,9.241872787475586
212,1,1000,1000,204.13424682617188,9.241872787475586
213,1,1000,1000,204.13424682617188,9.241872787475586
214,1,1000,1000,204.13424682617188,9.241872787475586
215,1,1000,1000,204.13424682617188,9.241872787475586
216,1,1000,1000,204.13424682617188,9.241872787475586
217,1,1000,1000,204.13426208496094,9.241872787475586
218,1,1000,1000,204.13424682617188,9.241872787475586
219,1,1000,1000,204.13426208496094,9.241872787475586
220,1,1000,1000,204.13424682617188,9.241872787475586
221,1,1000,1000,204.13426208496094,9.241872787475586
222,1,1000,1000,204.13426208496094,9.241872787475586
223,1,1000,1000,204.13427734375,9.241872787475586
224,1,1000,1000,204.13427734375,9.241872787475586
225,1,1000,1000,204.13427734375,9.241872787475586
226,1,1000,1000,204.13427734375,9.241872787475586
227,1,1000,1000,204.13427734375,9.241872787475586
228,1,1000,1000,204.13427734375,9.241872787475586
229,1,1000,1000,204.13427734375,9.241872787475586
230,1,1000,1000,204.13427734375,9.241872787475586
231,1,1000,1000,204.13427734375,9.241872787475586
232,1,1000,1000,204.13427734375,9.241872787475586
233,1,1000,1000,204.13427734375,9.241872787475586
234,1,1000,1000,204.13427734375,9.241872787475586
235,1,1000,1000,204.13427734375,9.241872787475586
236,1,1000,1000,204.13427734375,9.241872787475586
237,1,1000,1000,204.13427734375,9.241872787475586
238,1,1000,1000,204.13427734375,9.241872787475586
239,1,1000,1000,204.13427734375,9.241872787475586
240,1,1000,1000,204.13427734375,9.241872787475586
241,1,1000,1000,204.1342315673828,9.241872787475586
242,1,1000,1000,204.1342010498047,9.241872787475586
243,1,1000,1000,204.13418579101562,9.241872787475586
244,1,1000,1000,204.13418579101562,9.241872787475586
245,1,1000,1000,204.13418579101562,9.241872787475586
246,1,1000,1000,204.13418579101562,9.241872787475586
247,1,1000,1000,204.13418579101562,9.241872787475586
248,1,1000,1000,204.13418579101562,9.241872787475586
249,1,1000,1000,204.13418579101562,9.241872787475586
250,1,1000,1000,204.13418579101562,9.241872787475586
251,1,1000,1000,204.13418579101562,9.241872787475586
252,1,1000,1000,204.13418579101562,9.241872787475586
253,1,1000,1000,204.1342010498047,9.241872787475586
254,1,1000,1000,204.1342010498047,9.241872787475586
255,1,1000,1000,204.1342010498047,9.241872787475586
256,1,1000,1000,204.1342010498047,9.241872787475586
257,1,1000,1000,204.1342010498047,9.241872787475586
258,1,1000,1000,204.1342010498047,9.241872787475586
259,1,1000,1000,204.1342010498047,9.241872787475586
260,1,1000,1000,204.1342010498047,9.241872787475586
261,1,1000,1000,204.1342010498047,9.241872787475586
262,1,1000,1000,204.13421630859375,9.241872787475586
263,1,1000,1000,204.13421630859375,9.241872787475586
264,1,1000,1000,204.13421630859375,9.241872787475586
265,1,1000,1000,204.13421630859375,9.241872787475586
266,1,1000,1000,204.13421630859375,9.241872787475586
267,1,1000,1000,204.13421630859375,9.241872787475586
268,1,1000,1000,204.13421630859375,9.241872787475586
269,1,1000,1000,204.13421630859375,9.241872787475586
270,1,1000,1000,204.1342315673828,9.241872787475586
271,1,1000,1000,204.1342315673828,9.241872787475586
272,1,1000,1000,204.1342315673828,9.241872787475586
273,1,1000,1000,204.1342315673828,9.241872787475586
274,1,1000,1000,204.1342315673828,9.241872787475586
275,1,1000,1000,204.1342315673828,9.241872787475586
276,1,1000,1000,204.1342315673828,9.241872787475586
277,1,1000,1000,204.13424682617188,9.241872787475586
278,1,1000,1000,204.13424682617188,9.241872787475586
279,1,1000,1000,204.13424682617188,9.241872787475586
280,1,1000,1000,204.13424682617188,9.241872787475586
281,1,1000,1000,204.13424682617188,9.241872787475586
282,1,1000,1000,204.13424682617188,9.241872787475586
283,1,1000,1000,204.13424682617188,9.241872787475586
284,1,1000,1000,204.13424682617188,9.241872787475586
285,1,1000,1000,204.13424682617188,9.241872787475586
286,1,1000,1000,204.13424682617188,9.241872787475586
287,1,1000,1000,204.13424682617188,9.241872787475586
288,1,1000,1000,204.13426208496094,9.241872787475586
289,1,1000,1000,204.13426208496094,9.241872787475586
290,1,1000,1000,204.13426208496094,9.241872787475586
291,1,1000,1000,204.13426208496094,9.241872787475586
292,1,1000,1000,204.13426208496094,9.241872787475586
293,1,1000,1000,204.13427734375,9.241872787475586
294,1,1000,1000,204.13427734375,9.241872787475586
295,1,1000,1000,204.13427734375,9.241872787475586
296,1,1000,1000,204.13427734375,9.241872787475586
297,1,1000,1000,204.13427734375,9.241872787475586
298,1,1000,1000,204.13427734375,9.241872787475586
299,1,1000,1000,204.13427734375,9.241872787475586
300,1,1000,1000,204.13427734375,9.241872787475586
301,1,1000,1000,204.13427734375,9.241872787475586
302,1,1000,1000,204.13427734375,9.241872787475586
303,1,1000,1000,204.13427734375,9.241872787475586
304,1,1000,1000,204.13427734375,9.241872787475586
305,1,1000,1000,204.13421630859375,9.241872787475586
306,1,1000,1000,204.13418579101562,9.241872787475586
307,1,1000,1000,204.13418579101562,9.241872787475586
308,1,1000,1000,204.13417053222656,9.241872787475586
309,1,1000,1000,204.13418579101562,9.241872787475586
310,1,1000,1000,204.13418579101562,9.241872787475586
311,1,1000,1000,204.13418579101562,9.241872787475586
312,1,1000,1000,204.13418579101562,9.241872787475586
313,1,1000,1000,204.13418579101562,9.241872787475586
314,1,1000,1000,204.13418579101562,9.241872787475586
315,1,1000,1000,204.13418579101562,9.241872787475586
316,1,1000,1000,204.13418579101562,9.241872787475586
317,1,1000,1000,204.13418579101562,9.241872787475586
318,1,1000,1000,204.13418579101562,9.241872787475586
319,1,1000,1000,204.13418579101562,9.241872787475586
320,1,1000,1000,204.1342010498047,9.241872787475586
321,1,1000,1000,204.1342010498047,9.241872787475586
322,1,1000,1000,204.1342010498047,9.241872787475586
323,1,1000,1000,204.1342010498047,9.241872787475586
324,1,1000,1000,204.1342010498047,9.241872787475586
325,1,1000,1000,204.1342010498047,9.241872787475586
326,1,1000,1000,204.1342010498047,9.241872787475586
327,1,1000,1000,204.1342010498047,9.241872787475586
328,1,1000,1000,204.1342010498047,9.241872787475586
329,1,1000,1000,204.1342010498047,9.241872787475586
330,1,1000,1000,204.13421630859375,9.241872787475586
331,1,1000,1000,204.13421630859375,9.241872787475586
332,1,1000,1000,204.13421630859375,9.241872787475586
333,1,1000,1000,204.13421630859375,9.241872787475586
334,1,1000,1000,204.13421630859375,9.241872787475586
335,1,1000,1000,204.13421630859375,9.241872787475586
336,1,1000,1000,204.13421630859375,9.241872787475586
337,1,1000,1000,204.13421630859375,9.241872787475586
338,1,1000,1000,204.13421630859375,9.241872787475586
339,1,1000,1000,204.13421630859375,9.241872787475586
340,1,1000,1000,204.13421630859375,9.241872787475586
341,1,1000,1000,204.1342315673828,9.241872787475586
342,1,1000,1000,204.1342315673828,9.241872787475586
343,1,1000,1000,204.1342315673828,9.241872787475586
344,1,1000,1000,204.1342315673828,9.241872787475586
345,1,1000,1000,204.1342315673828,9.241872787475586
346,1,1000,1000,204.1342315673828,9.241872787475586
347,1,1000,1000,204.13424682617188,9.241872787475586
348,1,1000,1000,204.13424682617188,9.241872787475586
349,1,1000,1000,204.13424682617188,9.241872787475586
350,1,1000,1000,204.13424682617188,9.241872787475586
351,1,1000,1000,204.13424682617188,9.241872787475586
352,1,1000,1000,204.13424682617188,9.241872787475586
353,1,1000,1000,204.13424682617188,9.241872787475586
354,1,1000,1000,204.13424682617188,9.241872787475586
355,1,1000,1000,204.13426208496094,9.241872787475586
356,1,1000,1000,204.13424682617188,9.241872787475586
357,1,1000,1000,204.13426208496094,9.241872787475586
358,1,1000,1000,204.13424682617188,9.241872787475586
359,1,1000,1000,204.13426208496094,9.241872787475586
360,1,1000,1000,204.13426208496094,9.241872787475586
361,1,1000,1000,204.13427734375,9.241872787475586
362,1,1000,1000,204.13427734375,9.241872787475586
363,1,1000,1000,204.13427734375,9.241872787475586
364,1,1000,1000,204.13427734375,9.241872787475586
365,1,1000,1000,204.13427734375,9.241872787475586
366,1,1000,1000,204.13427734375,9.241872787475586
367,1,1000,1000,204.13427734375,9.241872787475586
368,1,1000,1000,204.13427734375,9.241872787475586
369,1,1000,1000,204.13427734375,9.241872787475586
370,1,1000,1000,204.13427734375,9.241872787475586
371,1,1000,1000,204.13427734375,9.241872787475586
372,1,1000,1000,204.13427734375,9.241872787475586
373,1,1000,1000,204.13427734375,9.241872787475586
374,1,1000,1000,204.13427734375,9.241872787475586
375,1,1000,1000,204.13427734375,9.241872787475586
376,1,1000,1000,204.13427734375,9.241872787475586
377,1,1000,1000,204.13427734375,9.241872787475586
378,1,1000,1000,204.13427734375,9.241872787475586
379,1,1000,1000,204.1342315673828,9.241872787475586
380,1,1000,1000,204.1342010498047,9.241872787475586
381,1,1000,1000,204.13418579101562,9.241872787475586
382,1,1000,1000,204.13418579101562,9.241872787475586
383,1,1000,1000,204.13418579101562,9.241872787475586
384,1,1000,1000,204.13418579101562,9.241872787475586
385,1,1000,1000,204.13418579101562,9.241872787475586
386,1,1000,1000,204.13418579101562,9.241872787475586
387,1,1000,1000,204.13418579101562,9.241872787475586
388,1,1000,1000,204.13418579101562,9.241872787475586
389,1,1000,1000,204.13418579101562,9.241872787475586
390,1,1000,1000,204.13418579101562,9.241872787475586
391,1,1000,1000,204.1342010498047,9.241872787475586
392,1,1000,1000,204.1342010498047,9.241872787475586
393,1,1000,1000,204.1342010498047,9.241872787475586
394,1,1000,1000,204.1342010498047,9.241872787475586
395,1,1000,1000,204.1342010498047,9.241872787475586
396,1,1000,1000,204.1342010498047,9.241872787475586
397,1,1000,1000,204.1342010498047,9.241872787475586
398,1,1000,1000,204.1342010498047,9.241872787475586
399,1,1000,1000,204.1342010498047,9.241872787475586
400,1,1000,1000,204.13421630859375,9.241872787475586
401,1,1000,1000,204.13421630859375,9.241872787475586
402,1,1000,1000,204.13421630859375,9.241872787475586
403,1,1000,1000,204.13421630859375,9.241872787475586
404,1,1000,1000,204.13421630859375,9.241872787475586
405,1,1000,1000,204.13421630859375,9.241872787475586
406,1,1000,1000,204.13421630859375,9.241872787475586
407,1,1000,1000,204.13421630859375,9.241872787475586
408,1,1000,1000,204.1342315673828,9.241872787475586
409,1,1000,1000,204.1342315673828,9.241872787475586
410,1,1000,1000,204.1342315673828,9.241872787475586
411,1,1000,1000,204.1342315673828,9.241872787475586
412,1,1000,1000,204.1342315673828,9.241872787475586
413,1,1000,1000,204.1342315673828,9.241872787475586
414,1,1000,1000,204.1342315673828,9.241872787475586
415,1,1000,1000,204.13424682617188,9.241872787475586
416,1,1000,1000,204.13424682617188,9.241872787475586
417,1,1000,1000,204.13424682617188,9.241872787475586
418,1,1000,1000,204.13424682617188,9.241872787475586
419,1,1000,1000,204.13424682617188,9.241872787475586
420,1,1000,1000,204.13424682617188,9.241872787475586
421,1,1000,1000,204.13424682617188,9.241872787475586
422,1,1000,1000,204.13424682617188,9.241872787475586
423,1,1000,1000,204.13424682617188,9.241872787475586
424,1,1000,1000,204.13424682617188,9.241872787475586
425,1,1000,1000,204.13424682617188,9.241872787475586
426,1,1000,1000,204.13426208496094,9.241872787475586
427,1,1000,1000,204.13426208496094,9.241872787475586
428,1,1000,1000,204.13426208496094,9.241872787475586
429,1,1000,1000,204.13426208496094,9.241872787475586
430,1,1000,1000,204.13426208496094,9.241872787475586
431,1,1000,1000,204.13427734375,9.241872787475586
432,1,1000,1000,204.13427734375,9.241872787475586
433,1,1000,1000,204.13427734375,9.241872787475586
434,1,1000,1000,204.13427734375,9.241872787475586
435,1,1000,1000,204.13427734375,9.241872787475586
436,1,1000,1000,204.13427734375,9.241872787475586
437,1,1000,1000,204.13427734375,9.241872787475586
438,1,1000,1000,204.13427734375,9.241872787475586
439,1,1000,1000,204.13427734375,9.241872787475586
440,1,1000,1000,204.13427734375,9.241872787475586
441,1,1000,1000,204.13427734375,9.241872787475586
442,1,1000,1000,204.13427734375,9.241872787475586
443,1,1000,1000,204.13421630859375,9.241872787475586
444,1,1000,1000,204.13418579101562,9.241872787475586
445,1,1000,1000,204.13418579101562,9.241872787475586
446,1,1000,1000,204.13417053222656,9.241872787475586
447,1,1000,1000,204.13417053222656,9.241872787475586
448,1,1000,1000,204.13418579101562,9.241872787475586
449,1,1000,1000,204.13418579101562,9.241872787475586
450,1,1000,1000,204.13418579101562,9.241872787475586
451,1,1000,1000,204.13418579101562,9.241872787475586
452,1,1000,1000,204.13418579101562,9.241872787475586
453,1,1000,1000,204.13418579101562,9.241872787475586
454,1,1000,1000,204.13418579101562,9.241872787475586
455,1,1000,1000,204.13418579101562,9.241872787475586
456,1,1000,1000,204.13418579101562,9.241872787475586
457,1,1000,1000,204.13418579101562,9.241872787475586
458,1,1000,1000,204.13418579101562,9.241872787475586
459,1,1000,1000,204.1342010498047,9.241872787475586
460,1,1000,1000,204.1342010498047,9.241872787475586
461,1,1000,1000,204.1342010498047,9.241872787475586
462,1,1000,1000,204.1342010498047,9.241872787475586
463,1,1000,1000,204.1342010498047,9.241872787475586
464,1,1000,1000,204.1342010498047,9.241872787475586
465,1,1000,1000,204.1342010498047,9.241872787475586
466,1,1000,1000,204.1342010498047,9.241872787475586
467,1,1000,1000,204.1342010498047,9.241872787475586
468,1,1000,1000,204.1342010498047,9.241872787475586
469,1,1000,1000,204.13421630859375,9.241872787475586
470,1,1000,1000,204.13421630859375,9.241872787475586
471,1,1000,1000,204.13421630859375,9.241872787475586
472,1,1000,1000,204.13421630859375,9.241872787475586
473,1,1000,1000,204.13421630859375,9.241872787475586
474,1,1000,1000,204.13421630859375,9.241872787475586
475,1,1000,1000,204.13421630859375,9.241872787475586
476,1,1000,1000,204.13421630859375,9.241872787475586
477,1,1000,1000,204.13421630859375,9.241872787475586
478,1,1000,1000,204.13421630859375,9.241872787475586
479,1,1000,1000,204.13421630859375,9.241872787475586
480,1,1000,1000,204.1342315673828,9.241872787475586
481,1,1000,1000,204.1342315673828,9.241872787475586
482,1,1000,1000,204.1342315673828,9.241872787475586
483,1,1000,1000,204.1342315673828,9.241872787475586
484,1,1000,1000,204.1342315673828,9.241872787475586
485,1,1000,1000,204.1342315673828,9.241872787475586
486,1,1000,1000,204.13424682617188,9.241872787475586
487,1,1000,1000,204.13424682617188,9.241872787475586
488,1,1000,1000,204.13424682617188,9.241872787475586
489,1,1000,1000,204.13424682617188,9.241872787475586
490,1,1000,1000,204.13424682617188,9.241872787475586
491,1,1000,1000,204.13424682617188,9.241872787475586
492,1,1000,1000,204.13424682617188,9.241872787475586
493,1,1000,1000,204.13424682617188,9.241872787475586
494,1,1000,1000,204.13426208496094,9.241872787475586
495,1,1000,1000,204.13424682617188,9.241872787475586
496,1,1000,1000,204.13426208496094,9.241872787475586
497,1,1000,1000,204.13424682617188,9.241872787475586
498,1,1000,1000,204.13426208496094,9.241872787475586
499,1,1000,1000,204.13426208496094,9.241872787475586
500,1,1000,1000,204.13427734375,9.241872787475586
501,1,1000,1000,204.13427734375,9.241872787475586
502,1,1000,1000,204.13427734375,9.241872787475586
503,1,1000,1000,204.13427734375,9.241872787475586
504,1,1000,1000,204.13427734375,9.241872787475586
505,1,1000,1000,204.13427734375,9.241872787475586
506,1,1000,1000,204.13427734375,9.241872787475586
507,1,1000,1000,204.13427734375,9.241872787475586
508,1,1000,1000,204.13427734375,9.241872787475586
509,1,1000,1000,204.13427734375,9.241872787475586
510,1,1000,1000,204.13427734375,9.241872787475586
511,1,1000,1000,204.13427734375,9.241872787475586
512,1,1000,1000,204.13427734375,9.241872787475586
513,1,1000,1000,204.13427734375,9.241872787475586
514,1,1000,1000,204.13427734375,9.241872787475586
515,1,1000,1000,204.13427734375,9.241872787475586
516,1,1000,1000,204.13427734375,9.241872787475586
517,1,1000,1000,204.13427734375,9.241872787475586
518,1,1000,1000,204.1342315673828,9.241872787475586
519,1,1000,1000,204.1342010498047,9.241872787475586
520,1,1000,1000,204.13418579101562,9.241872787475586
521,1,1000,1000,204.13418579101562,9.241872787475586
522,1,1000,1000,204.13418579101562,9.241872787475586
523,1,1000,1000,204.13418579101562,9.241872787475586
524,1,1000,1000,204.13418579101562,9.241872787475586
525,1,1000,1000,204.13418579101562,9.241872787475586
526,1,1000,1000,204.13418579101562,9.241872787475586
527,1,1000,1000,204.13418579101562,9.241872787475586
528,1,1000,1000,204.13418579101562,9.241872787475586
529,1,1000,1000,204.13418579101562,9.241872787475586
530,1,1000,1000,204.1342010498047,9.241872787475586
531,1,1000,1000,204.1342010498047,9.241872787475586
532,1,1000,1000,204.1342010498047,9.241872787475586
533,1,1000,1000,204.1342010498047,9.241872787475586
534,1,1000,1000,204.1342010498047,9.241872787475586
535,1,1000,1000,204.1342010498047,9.241872787475586
536,1,1000,1000,204.1342010498047,9.241872787475586
537,1,1000,1000,204.1342010498047,9.241872787475586
538,1,1000,1000,204.1342010498047,9.241872787475586
539,1,1000,1000,204.13421630859375,9.241872787475586
540,1,1000,1000,204.13421630859375,9.241872787475586
541,1,1000,1000,204.13421630859375,9.241872787475586
542,1,1000,1000,204.13421630859375,9.241872787475586
543,1,1000,1000,204.13421630859375,9.241872787475586
544,1,1000,1000,204.13421630859375,9.241872787475586
545,1,1000,1000,204.13421630859375,9.241872787475586
546,1,1000,1000,204.13421630859375,9.241872787475586
547,1,1000,1000,204.1342315673828,9.241872787475586
548,1,1000,1000,204.1342315673828,9.241872787475586
549,1,1000,1000,204.1342315673828,9.241872787475586
550,1,1000,1000,204.1342315673828,9.241872787475586
551,1,1000,1000,204.1342315673828,9.241872787475586
552,1,1000,1000,204.1342315673828,9.241872787475586
553,1,1000,1000,204.1342315673828,9.241872787475586
554,1,1000,1000,204.13424682617188,9.241872787475586
555,1,1000,1000,204.13424682617188,9.241872787475586
556,1,1000,1000,204.13424682617188,9.241872787475586
557,1,1000,1000,204.13424682617188,9.241872787475586
558,1,1000,1000,204.13424682617188,9.241872787475586
559,1,1000,1000,204.13424682617188,9.241872787475586
560,1,1000,1000,204.13424682617188,9.241872787475586
561,1,1000,1000,204.13424682617188,9.241872787475586
562,1,1000,1000,204.13424682617188,9.241872787475586
563,1,1000,1000,204.13424682617188,9.241872787475586
564,1,1000,1000,204.13424682617188,9.241872787475586
565,1,1000,1000,204.13426208496094,9.241872787475586
566,1,1000,1000,204.13426208496094,9.241872787475586
567,1,1000,1000,204.13426208496094,9.241872787475586
568,1,1000,1000,204.13426208496094,9.241872787475586
569,1,1000,1000,204.13426208496094,9.241872787475586
570,1,1000,1000,204.13427734375,9.241872787475586
571,1,1000,1000,204.13427734375,9.241872787475586
572,1,1000,1000,204.13427734375,9.241872787475586
573,1,1000,1000,204.13427734375,9.241872787475586
574,1,1000,1000,204.13427734375,9.241872787475586
575,1,1000,1000,204.13427734375,9.241872787475586
576,1,1000,1000,204.13427734375,9.241872787475586
577,1,1000,1000,204.13427734375,9.241872787475586
578,1,1000,1000,204.13427734375,9.241872787475586
579,1,1000,1000,204.13427734375,9.241872787475586
580,1,1000,1000,204.13427734375,9.241872787475586
581,1,1000,1000,204.13427734375,9.241872787475586
582,1,1000,1000,204.13421630859375,9.241872787475586
583,1,1000,1000,204.13418579101562,9.241872787475586
584,1,1000,1000,204.13418579101562,9.241872787475586
585,1,1000,1000,204.13417053222656,9.241872787475586
586,1,1000,1000,204.13417053222656,9.241872787475586
587,1,1000,1000,204.13418579101562,9.241872787475586
588,1,1000,1000,204.13418579101562,9.241872787475586
589,1,1000,1000,204.13418579101562,9.241872787475586
590,1,1000,1000,204.13418579101562,9.241872787475586
591,1,1000,1000,204.13418579101562,9.241872787475586
592,1,1000,1000,204.13418579101562,9.241872787475586
593,1,1000,1000,204.13418579101562,9.241872787475586
594,1,1000,1000,204.13418579101562,9.241872787475586
595,1,1000,1000,204.13418579101562,9.241872787475586
596,1,1000,1000,204.13418579101562,9.241872787475586
597,1,1000,1000,204.13418579101562,9.241872787475586
598,1,1000,1000,204.1342010498047,9.241872787475586
599,1,1000,1000,204.1342010498047,9.241872787475586
600,1,1000,1000,204.1342010498047,9.241872787475586
601,1,1000,1000,204.1342010498047,9.241872787475586
602,1,1000,1000,204.1342010498047,9.241872787475586
603,1,1000,1000,204.1342010498047,9.241872787475586
604,1,1000,1000,204.1342010498047,9.241872787475586
605,1,1000,1000,204.1342010498047,9.241872787475586
606,1,1000,1000,204.1342010498047,9.241872787475586
607,1,1000,1000,204.1342010498047,9.241872787475586
608,1,1000,1000,204.13421630859375,9.241872787475586
609,1,1000,1000,204.13421630859375,9.241872787475586
610,1,1000,1000,204.13421630859375,9.241872787475586
611,1,1000,1000,204.13421630859375,9.241872787475586
612,1,1000,1000,204.13421630859375,9.241872787475586
613,1,1000,1000,204.13421630859375,9.241872787475586
614,1,1000,1000,204.13421630859375,9.241872787475586
615,1,1000,1000,204.13421630859375,9.241872787475586
616,1,1000,1000,204.13421630859375,9.241872787475586
617,1,1000,1000,204.13421630859375,9.241872787475586
618,1,1000,1000,204.13421630859375,9.241872787475586
619,1,1000,1000,204.1342315673828,9.241872787475586
620,1,1000,1000,204.1342315673828,9.241872787475586
621,1,1000,1000,204.1342315673828,9.241872787475586
622,1,1000,1000,204.1342315673828,9.241872787475586
623,1,1000,1000,204.1342315673828,9.241872787475586
624,1,1000,1000,204.1342315673828,9.241872787475586
625,1,1000,1000,204.13424682617188,9.241872787475586
626,1,1000,1000,204.13424682617188,9.241872787475586
627,1,1000,1000,204.13424682617188,9.241872787475586
628,1,1000,1000,204.13424682617188,9.241872787475586
629,1,1000,1000,204.13424682617188,9.241872787475586
630,1,1000,1000,204.13424682617188,9.241872787475586
631,1,1000,1000,204.13424682617188,9.241872787475586
632,1,1000,1000,204.13424682617188,9.241872787475586
633,1,1000,1000,204.13426208496094,9.241872787475586
634,1,1000,1000,204.13424682617188,9.241872787475586
635,1,1000,1000,204.13426208496094,9.241872787475586
636,1,1000,1000,204.13424682617188,9.241872787475586
637,1,1000,1000,204.13426208496094,9.241872787475586
638,1,1000,1000,204.13426208496094,9.241872787475586
639,1,1000,1000,204.13427734375,9.241872787475586
640,1,1000,1000,204.13427734375,9.241872787475586
641,1,1000,1000,204.13427734375,9.241872787475586
642,1,1000,1000,204.13427734375,9.241872787475586
643,1,1000,1000,204.13427734375,9.241872787475586
644,1,1000,1000,204.13427734375,9.241872787475586
645,1,1000,1000,204.13427734375,9.241872787475586
646,1,1000,1000,204.13427734375,9.241872787475586
647,1,1000,1000,204.13427734375,9.241872787475586
648,1,1000,1000,204.13427734375,9.241872787475586
649,1,1000,1000,204.13427734375,9.241872787475586
650,1,1000,1000,204.13427734375,9.241872787475586
651,1,1000,1000,204.13427734375,9.241872787475586
652,1,1000,1000,204.13427734375,9.241872787475586
653,1,1000,1000,204.13427734375,9.241872787475586
654,1,1000,1000,204.13427734375,9.241872787475586
655,1,1000,1000,204.13427734375,9.241872787475586
656,1,1000,1000,204.13426208496094,9.241872787475586
657,1,1000,1000,204.13427734375,9.241872787475586
658,1,1000,1000,204.13427734375,9.241872787475586
659,1,1000,1000,204.13426208496094,9.241872787475586
660,1,1000,1000,204.13427734375,9.241872787475586
661,1,1000,1000,204.13429260253906,9.241872787475586
662,1,1000,1000,204.13427734375,9.241872787475586
663,1,1000,1000,204.13427734375,9.241872787475586
664,1,1000,1000,204.13427734375,9.241872787475586
665,1,1000,1000,204.13427734375,9.241872787475586
666,1,1000,1000,204.13427734375,9.241872787475586
667,1,1000,1000,204.13429260253906,9.241872787475586
668,1,1000,1000,204.13427734375,9.241872787475586
669,1,1000,1000,204.13429260253906,9.241872787475586
670,1,1000,1000,204.13424682617188,9.241872787475586
671,1,1000,1000,204.13424682617188,9.241872787475586
672,1,1000,1000,204.13424682617188,9.241872787475586
673,1,1000,1000,204.13426208496094,9.241872787475586
674,1,1000,1000,204.13427734375,9.241872787475586
675,1,1000,1000,204.13427734375,9.241872787475586
676,1,1000,1000,204.13427734375,9.241872787475586
677,1,1000,1000,204.13427734375,9.241872787475586
678,1,1000,1000,204.13427734375,9.241872787475586
679,1,1000,1000,204.13427734375,9.241872787475586
680,1,1000,1000,204.13427734375,9.241872787475586
681,1,1000,1000,204.13427734375,9.241872787475586
682,1,1000,1000,204.13427734375,9.241872787475586
683,1,1000,1000,204.13427734375,9.241872787475586
684,1,1000,1000,204.13427734375,9.241872787475586
685,1,1000,1000,204.13427734375,9.241872787475586
686,1,1000,1000,204.13427734375,9.241872787475586
687,1,1000,1000,204.13427734375,9.241872787475586
688,1,1000,1000,204.13427734375,9.241872787475586
689,1,1000,1000,204.13427734375,9.241872787475586
690,1,1000,1000,204.13426208496094,9.241872787475586
691,1,1000,1000,204.13427734375,9.241872787475586
692,1,1000,1000,204.13427734375,9.241872787475586
693,1,1000,1000,204.13426208496094,9.241872787475586
694,1,1000,1000,204.13427734375,9.241872787475586
695,1,1000,1000,204.13429260253906,9.241872787475586
696,1,1000,1000,204.13427734375,9.241872787475586
697,1,1000,1000,204.13427734375,9.241872787475586
698,1,1000,1000,204.13427734375,9.241872787475586
699,1,1000,1000,204.13427734375,9.241872787475586
700,1,1000,1000,204.13427734375,9.241872787475586
701,1,1000,1000,204.13429260253906,9.241872787475586
702,1,1000,1000,204.13427734375,9.241872787475586
703,1,1000,1000,204.13429260253906,9.241872787475586
704,1,1000,1000,204.13424682617188,9.241872787475586
705,1,1000,1000,204.13424682617188,9.241872787475586
706,1,1000,1000,204.13424682617188,9.241872787475586
707,1,1000,1000,204.13426208496094,9.241872787475586
708,1,1000,1000,204.13427734375,9.241872787475586
709,1,1000,1000,204.13427734375,9.241872787475586
710,1,1000,1000,204.13427734375,9.241872787475586
711,1,1000,1000,204.13427734375,9.241872787475586
712,1,1000,1000,204.13427734375,9.241872787475586
713,1,1000,1000,204.13427734375,9.241872787475586
714,1,1000,1000,204.13427734375,9.241872787475586
715,1,1000,1000,204.13427734375,9.241872787475586
716,1,1000,1000,204.13427734375,9.241872787475586
717,1,1000,1000,204.13427734375,9.241872787475586
718,1,1000,1000,204.13427734375,9.241872787475586
719,1,1000,1000,204.13427734375,9.241872787475586
720,1,1000,1000,204.13427734375,9.241872787475586
721,1,1000,1000,204.13427734375,9.241872787475586
722,1,1000,1000,204.13427734375,9.241872787475586
723,1,1000,1000,204.13427734375,9.241872787475586
724,1,1000,1000,204.13427734375,9.241872787475586
725,1,1000,1000,204.1342315673828,9.241872787475586
726,1,1000,1000,204.1342010498047,9.241872787475586
727,1,1000,1000,204.13418579101562,9.241872787475586
728,1,1000,1000,204.13418579101562,9.241872787475586
729,1,1000,1000,204.13418579101562,9.241872787475586
730,1,1000,1000,204.13418579101562,9.241872787475586
731,1,1000,1000,204.13418579101562,9.241872787475586
732,1,1000,1000,204.13418579101562,9.241872787475586
733,1,1000,1000,204.13418579101562,9.241872787475586
734,1,1000,1000,204.13418579101562,9.241872787475586
735,1,1000,1000,204.13418579101562,9.241872787475586
736,1,1000,1000,204.13418579101562,9.241872787475586
737,1,1000,1000,204.1342010498047,9.241872787475586
738,1,1000,1000,204.1342010498047,9.241872787475586
739,1,1000,1000,204.1342010498047,9.241872787475586
740,1,1000,1000,204.1342010498047,9.241872787475586
741,1,1000,1000,204.1342010498047,9.241872787475586
742,1,1000,1000,204.1342010498047,9.241872787475586
743,1,1000,1000,204.1342010498047,9.241872787475586
744,1,1000,1000,204.1342010498047,9.241872787475586
745,1,1000,1000,204.1342010498047,9.241872787475586
746,1,1000,1000,204.13421630859375,9.241872787475586
747,1,1000,1000,204.13421630859375,9.241872787475586
748,1,1000,1000,204.13421630859375,9.241872787475586
749,1,1000,1000,204.13421630859375,9.241872787475586
750,1,1000,1000,204.13421630859375,9.241872787475586
751,1,1000,1000,204.13421630859375,9.241872787475586
752,1,1000,1000,204.13421630859375,9.241872787475586
753,1,1000,1000,204.13421630859375,9.241872787475586
754,1,1000,1000,204.1342315673828,9.241872787475586
755,1,1000,1000,204.1342315673828,9.241872787475586
756,1,1000,1000,204.1342315673828,9.241872787475586
757,1,1000,1000,204.1342315673828,9.241872787475586
758,1,1000,1000,204.1342315673828,9.241872787475586
759,1,1000,1000,204.1342315673828,9.241872787475586
760,1,1000,1000,204.1342315673828,9.241872787475586
761,1,1000,1000,204.13424682617188,9.241872787475586
762,1,1000,1000,204.13424682617188,9.241872787475586
763,1,1000,1000,204.13424682617188,9.241872787475586
764,1,1000,1000,204.13424682617188,9.241872787475586
