1,1,1000,1000,220.19830322265625,30.0
2,1,1000,1000,225.06179809570312,29.975475311279297
3,1,1000,1000,224.4281005859375,29.92667007446289
4,1,1000,1000,223.23245239257812,29.85382843017578
5,1,1000,1000,222.174072265625,29.757190704345703
6,1,1000,1000,221.1461181640625,29.636993408203125
7,1,1000,1000,220.12161254882812,29.493473052978516
8,1,1000,1000,219.10206604003906,29.326862335205078
9,1,1000,1000,218.08831787109375,29.137393951416016
10,1,1000,1000,217.08035278320312,28.925294876098633
11,1,1000,1000,216.0780792236328,28.690792083740234
12,1,1000,1000,215.08148193359375,28.43410873413086
13,1,1000,1000,214.09054565429688,28.155467987060547
14,1,1000,1000,213.10520935058594,27.85508918762207
15,1,1000,1000,212.12547302246094,27.533187866210938
16,1,1000,1000,211.15127563476562,27.18998146057129
17,1,1000,1000,210.1825714111328,26.825681686401367
18,1,1000,1000,209.21939086914062,26.440500259399414
19,1,1000,1000,208.2616729736328,26.034645080566406
20,1,1000,1000,207.30938720703125,25.60832405090332
21,1,1000,1000,206.36244201660156,25.161741256713867
22,1,1000,1000,205.4208984375,24.695098876953125
23,1,1000,1000,204.48468017578125,24.20859718322754
24,1,1000,1000,203.55377197265625,23.702436447143555
25,1,1000,1000,202.62814331054688,23.17681121826172
26,1,1000,1000,201.7077178955078,22.63191795349121
27,1,1000,1000,200.79257202148438,22.067949295043945
28,1,1000,1000,199.88253784179688,21.48509407043457
29,1,1000,1000,198.97772216796875,20.883543014526367
30,1,1000,1000,198.07798767089844,20.26348304748535
31,1,1000,1000,197.18338012695312,19.625097274780273
32,1,1000,1000,196.2938232421875,18.968570709228516
33,1,1000,1000,195.4093017578125,18.294084548950195
34,1,1000,1000,194.52981567382812,17.601818084716797
35,1,1000,1000,193.65530395507812,16.891948699951172
36,1,1000,1000,192.78573608398438,16.164653778076172
37,1,1000,1000,191.92111206054688,15.420106887817383
38,1,1000,1000,191.06134033203125,14.658480644226074
39,1,1000,1000,190.20651245117188,13.879945755004883
40,1,1000,1000,189.35650634765625,13.084671020507812
41,1,1000,1000,188.51129150390625,12.272823333740234
42,1,1000,1000,187.67086791992188,11.44456958770752
43,1,1000,1000,186.835205078125,10.60007381439209
44,1,1000,1000,186.00430297851562,9.739498138427734
45,1,1000,1000,185.17807006835938,8.86300277709961
46,1,1000,1000,184.78445434570312,8.578380584716797
47,1,1000,1000,184.707763671875,8.723735809326172
48,1,1000,1000,184.7493896484375,9.02200984954834
49,1,1000,1000,184.7882080078125,9.293240547180176
50,1,1000,1000,184.8227081298828,9.536836624145508
51,1,1000,1000,184.85684204101562,9.753230094909668
52,1,1000,1000,184.89089965820312,9.942789077758789
53,1,1000,1000,184.92477416992188,10.105840682983398
54,1,1000,1000,184.95846557617188,10.242685317993164
55,1,1000,1000,184.99197387695312,10.353605270385742
56,1,1000,1000,185.0252685546875,10.438872337341309
57,1,1000,1000,185.0583953857422,10.498750686645508
58,1,1000,1000,185.09130859375,10.53349781036377
59,1,1000,1000,185.12405395507812,10.543368339538574
60,1,1000,1000,185.1566162109375,10.528613090515137
61,1,1000,1000,185.18899536132812,10.489479064941406
62,1,1000,1000,185.22119140625,10.426210403442383
63,1,1000,1000,185.25318908691406,10.339049339294434
64,1,1000,1000,185.28500366210938,10.22823429107666
65,1,1000,1000,185.316650390625,10.094001770019531
66,1,1000,1000,185.3480987548828,9.936586380004883
67,1,1000,1000,185.37936401367188,9.756220817565918
68,1,1000,1000,185.41046142578125,9.553133964538574
69,1,1000,1000,185.44140625,9.327552795410156
70,1,1000,1000,185.47215270996094,9.079702377319336
71,1,1000,1000,185.48641967773438,9.026084899902344
72,1,1000,1000,185.48867797851562,9.094587326049805
73,1,1000,1000,185.486328125,9.193735122680664
74,1,1000,1000,185.48402404785156,9.267498970031738
75,1,1000,1000,185.48190307617188,9.315869331359863
76,1,1000,1000,185.47979736328125,9.339150428771973
77,1,1000,1000,185.47772216796875,9.337625503540039
78,1,1000,1000,185.47561645507812,9.311562538146973
79,1,1000,1000,185.4735107421875,9.261218070983887
80,1,1000,1000,185.47259521484375,9.227117538452148
81,1,1000,1000,185.47215270996094,9.216458320617676
82,1,1000,1000,185.47177124023438,9.222349166870117
83,1,1000,1000,185.47137451171875,9.233907699584961
84,1,1000,1000,185.47108459472656,9.243156433105469
85,1,1000,1000,185.47097778320312,9.247145652770996
86,1,1000,1000,185.470947265625,9.246749877929688
87,1,1000,1000,185.47097778320312,9.24435806274414
88,1,1000,1000,185.470947265625,9.242050170898438
89,1,1000,1000,185.4709014892578,9.240818977355957
90,1,1000,1000,185.4708251953125,9.240675926208496
91,1,1000,1000,185.470947265625,9.241137504577637
92,1,1000,1000,185.470947265625,9.241697311401367
93,1,1000,1000,185.47093200683594,9.242053985595703
94,1,1000,1000,185.470947265625,9.242151260375977
95,1,1000,1000,185.470947265625,9.242074966430664
96,1,1000,1000,185.470947265625,9.24194622039795
97,1,1000,1000,185.470947265625,9.24184799194336
98,1,1000,1000,185.47096252441406,9.241809844970703
99,1,1000,1000,185.47097778320312,9.24181842803955
100,1,1000,1000,185.4750213623047,9.241847038269043
101,1,1000,1000,185.47206115722656,9.241872787475586
102,1,1000,1000,185.47091674804688,9.2418851852417
103,1,1000,1000,185.47085571289062,9.241886138916016
104,1,1000,1000,185.47109985351562,9.241880416870117
105,1,1000,1000,185.47128295898438,9.241873741149902
106,1,1000,1000,185.4713134765625,9.241869926452637
107,1,1000,1000,185.47128295898438,9.24186897277832
108,1,1000,1000,185.4713134765625,9.241869926452637
109,1,1000,1000,185.47129821777344,9.24187183380127
110,1,1000,1000,185.4713134765625,9.241872787475586
111,1,1000,1000,185.4713134765625,9.241872787475586
112,1,1000,1000,185.4713134765625,9.241872787475586
113,1,1000,1000,185.47134399414062,9.241872787475586
114,1,1000,1000,185.47134399414062,9.241872787475586
115,1,1000,1000,185.47134399414062,9.241872787475586
116,1,1000,1000,185.4713592529297,9.241872787475586
117,1,1000,1000,185.47132873535156,9.241872787475586
118,1,1000,1000,185.47125244140625,9.241872787475586
119,1,1000,1000,185.47122192382812,9.241872787475586
120,1,1000,1000,185.47116088867188,9.241872787475586
121,1,1000,1000,185.47113037109375,9.241872787475586
122,1,1000,1000,185.47108459472656,9.241872787475586
123,1,1000,1000,185.47116088867188,9.241872787475586
124,1,1000,1000,185.47109985351562,9.241872787475586
125,1,1000,1000,185.4710693359375,9.241872787475586
126,1,1000,1000,185.47119140625,9.241872787475586
127,1,1000,1000,185.47116088867188,9.241872787475586
128,1,1000,1000,185.47113037109375,9.241872787475586
129,1,1000,1000,185.47109985351562,9.241872787475586
130,1,1000,1000,185.47119140625,9.241872787475586
131,1,1000,1000,185.47116088867188,9.241872787475586
132,1,1000,1000,185.47113037109375,9.241872787475586
133,1,1000,1000,185.47109985351562,9.241872787475586
134,1,1000,1000,185.47109985351562,9.241872787475586
135,1,1000,1000,185.47109985351562,9.241872787475586
136,1,1000,1000,185.47109985351562,9.241872787475586
137,1,1000,1000,185.47109985351562,9.241872787475586
138,1,1000,1000,185.47109985351562,9.241872787475586
139,1,1000,1000,185.47109985351562,9.241872787475586
140,1,1000,1000,185.4711151123047,9.241872787475586
141,1,1000,1000,185.4711151123047,9.241872787475586
142,1,1000,1000,185.47113037109375,9.241872787475586
143,1,1000,1000,185.47113037109375,9.241872787475586
144,1,1000,1000,185.47113037109375,9.241872787475586
145,1,1000,1000,185.47113037109375,9.241872787475586
146,1,1000,1000,185.47113037109375,9.241872787475586
147,1,1000,1000,185.47113037109375,9.241872787475586
148,1,1000,1000,185.47113037109375,9.241872787475586
149,1,1000,1000,185.4711456298828,9.241872787475586
150,1,1000,1000,185.4711456298828,9.241872787475586
151,1,1000,1000,185.47116088867188,9.241872787475586
152,1,1000,1000,185.47116088867188,9.241872787475586
153,1,1000,1000,185.47116088867188,9.241872787475586
154,1,1000,1000,185.47116088867188,9.241872787475586
155,1,1000,1000,185.47116088867188,9.241872787475586
156,1,1000,1000,185.47116088867188,9.241872787475586
157,1,1000,1000,185.47116088867188,9.241872787475586
158,1,1000,1000,185.47116088867188,9.241872787475586
159,1,1000,1000,185.47117614746094,9.241872787475586
160,1,1000,1000,185.47117614746094,9.241872787475586
161,1,1000,1000,185.47119140625,9.241872787475586
162,1,1000,1000,185.47119140625,9.241872787475586
163,1,1000,1000,185.47119140625,9.241872787475586
164,1,1000,1000,185.47119140625,9.241872787475586
165,1,1000,1000,185.47119140625,9.241872787475586
166,1,1000,1000,185.47119140625,9.241872787475586
167,1,1000,1000,185.47119140625,9.241872787475586
168,1,1000,1000,185.47120666503906,9.241872787475586
169,1,1000,1000,185.47120666503906,9.241872787475586
170,1,1000,1000,185.47122192382812,9.241872787475586
171,1,1000,1000,185.47122192382812,9.241872787475586
172,1,1000,1000,185.47122192382812,9.241872787475586
173,1,1000,1000,185.47122192382812,9.241872787475586
174,1,1000,1000,185.47122192382812,9.241872787475586
175,1,1000,1000,185.47122192382812,9.241872787475586
176,1,1000,1000,185.47122192382812,9.241872787475586
177,1,1000,1000,185.47122192382812,9.241872787475586
178,1,1000,1000,185.47122192382812,9.241872787475586
179,1,1000,1000,185.4712371826172,9.241872787475586
180,1,1000,1000,185.4712371826172,9.241872787475586
181,1,1000,1000,185.47125244140625,9.241872787475586
182,1,1000,1000,185.47125244140625,9.241872787475586
183,1,1000,1000,185.47125244140625,9.241872787475586
184,1,1000,1000,185.47125244140625,9.241872787475586
185,1,1000,1000,185.47125244140625,9.241872787475586
186,1,1000,1000,185.47125244140625,9.241872787475586
187,1,1000,1000,185.4712677001953,9.241872787475586
188,1,1000,1000,185.4712677001953,9.241872787475586
189,1,1000,1000,185.47128295898438,9.241872787475586
190,1,1000,1000,185.47128295898438,9.241872787475586
191,1,1000,1000,185.47128295898438,9.241872787475586
192,1,1000,1000,185.47128295898438,9.241872787475586
193,1,1000,1000,185.47128295898438,9.241872787475586
194,1,1000,1000,185.47128295898438,9.241872787475586
195,1,1000,1000,185.47128295898438,9.241872787475586
196,1,1000,1000,185.47128295898438,9.241872787475586
197,1,1000,1000,185.47128295898438,9.241872787475586
198,1,1000,1000,185.47129821777344,9.241872787475586
199,1,1000,1000,185.47129821777344,9.241872787475586
200,1,1000,1000,185.4713134765625,9.241872787475586
201,1,1000,1000,185.4713134765625,9.241872787475586
202,1,1000,1000,185.4713134765625,9.241872787475586
203,1,1000,1000,185.4713134765625,9.241872787475586
204,1,1000,1000,185.4713134765625,9.241872787475586
205,1,1000,1000,185.47129821777344,9.241872787475586
206,1,1000,1000,185.4713134765625,9.241872787475586
207,1,1000,1000,185.4713134765625,9.241872787475586
208,1,1000,1000,185.4713134765625,9.241872787475586
209,1,1000,1000,185.4713134765625,9.241872787475586
210,1,1000,1000,185.47132873535156,9.241872787475586
211,1,1000,1000,185.47128295898438,9.241872787475586
212,1,1000,1000,185.47128295898438,9.241872787475586
213,1,1000,1000,185.47119140625,9.241867065429688
214,1,1000,1000,185.47116088867188,9.241857528686523
215,1,1000,1000,185.47120666503906,9.241848945617676
216,1,1000,1000,185.4712371826172,9.241844177246094
217,1,1000,1000,185.4712677001953,9.241841316223145
218,1,1000,1000,185.47128295898438,9.241842269897461
219,1,1000,1000,185.4713134765625,9.241842269897461
220,1,1000,1000,185.47129821777344,9.241842269897461
221,1,1000,1000,185.47132873535156,9.241843223571777
222,1,1000,1000,185.47134399414062,9.241843223571777
223,1,1000,1000,185.47137451171875,9.241842269897461
224,1,1000,1000,185.47137451171875,9.241843223571777
225,1,1000,1000,185.47140502929688,9.241842269897461
226,1,1000,1000,185.47134399414062,9.241840362548828
227,1,1000,1000,185.47137451171875,9.241842269897461
228,1,1000,1000,185.47140502929688,9.241841316223145
229,1,1000,1000,185.47142028808594,9.241839408874512
230,1,1000,1000,185.4713897705078,9.241841316223145
231,1,1000,1000,185.47129821777344,9.24184513092041
232,1,1000,1000,185.47125244140625,9.241847038269043
233,1,1000,1000,185.47116088867188,9.24184513092041
234,1,1000,1000,185.47113037109375,9.241842269897461
235,1,1000,1000,185.47109985351562,9.241841316223145
236,1,1000,1000,185.4711151123047,9.241837501525879
237,1,1000,1000,185.4711151123047,9.241832733154297
238,1,1000,1000,185.47113037109375,9.241829872131348
239,1,1000,1000,185.47116088867188,9.241835594177246
240,1,1000,1000,185.47113037109375,9.241836547851562
241,1,1000,1000,185.47103881835938,9.241868019104004
242,1,1000,1000,185.47103881835938,9.241890907287598
243,1,1000,1000,185.47105407714844,9.241898536682129
244,1,1000,1000,185.4710693359375,9.24188232421875
245,1,1000,1000,185.47109985351562,9.241860389709473
246,1,1000,1000,185.4711151123047,9.241842269897461
247,1,1000,1000,185.4711456298828,9.241832733154297
248,1,1000,1000,185.47116088867188,9.24183177947998
249,1,1000,1000,185.47119140625,9.241836547851562
250,1,1000,1000,185.47113037109375,9.241844177246094
251,1,1000,1000,185.4711456298828,9.24184513092041
252,1,1000,1000,185.47116088867188,9.241844177246094
253,1,1000,1000,185.4711456298828,9.241844177246094
254,1,1000,1000,185.47109985351562,9.241844177246094
255,1,1000,1000,185.47108459472656,9.241843223571777
256,1,1000,1000,185.47116088867188,9.241842269897461
257,1,1000,1000,185.47109985351562,9.241842269897461
258,1,1000,1000,185.47103881835938,9.241842269897461
259,1,1000,1000,185.4710693359375,9.241842269897461
260,1,1000,1000,185.47109985351562,9.241842269897461
261,1,1000,1000,185.4710693359375,9.241842269897461
262,1,1000,1000,185.47103881835938,9.241842269897461
263,1,1000,1000,185.47097778320312,9.241842269897461
264,1,1000,1000,185.47097778320312,9.241842269897461
265,1,1000,1000,185.4710235595703,9.241842269897461
266,1,1000,1000,185.47103881835938,9.241843223571777
267,1,1000,1000,185.4710693359375,9.241843223571777
268,1,1000,1000,185.47109985351562,9.241842269897461
269,1,1000,1000,185.47103881835938,9.241842269897461
270,1,1000,1000,185.47100830078125,9.241844177246094
271,1,1000,1000,185.47093200683594,9.241842269897461
272,1,1000,1000,185.4708251953125,9.241843223571777
273,1,1000,1000,185.47084045410156,9.241841316223145
274,1,1000,1000,185.47100830078125,9.241840362548828
275,1,1000,1000,185.47105407714844,9.241841316223145
276,1,1000,1000,185.47108459472656,9.241839408874512
277,1,1000,1000,185.47109985351562,9.241837501525879
278,1,1000,1000,185.4711151123047,9.241835594177246
279,1,1000,1000,185.4710693359375,9.241837501525879
280,1,1000,1000,185.4710235595703,9.241836547851562
281,1,1000,1000,185.4710235595703,9.241840362548828
282,1,1000,1000,185.4710693359375,9.241847038269043
283,1,1000,1000,185.4711456298828,9.241847038269043
284,1,1000,1000,185.47113037109375,9.24184799194336
285,1,1000,1000,185.47103881835938,9.241844177246094
286,1,1000,1000,185.4709930419922,9.24184513092041
287,1,1000,1000,185.47097778320312,9.241843223571777
288,1,1000,1000,185.47103881835938,9.241841316223145
289,1,1000,1000,185.47097778320312,9.241839408874512
290,1,1000,1000,185.47093200683594,9.241841316223145
291,1,1000,1000,185.47091674804688,9.24184513092041
292,1,1000,1000,185.47091674804688,9.241846084594727
293,1,1000,1000,185.47091674804688,9.241851806640625
294,1,1000,1000,185.470947265625,9.241848945617676
295,1,1000,1000,185.470947265625,9.241840362548828
296,1,1000,1000,185.4709930419922,9.241838455200195
297,1,1000,1000,185.47100830078125,9.24184799194336
298,1,1000,1000,185.4710235595703,9.241848945617676
299,1,1000,1000,185.47103881835938,9.241840362548828
300,1,1000,1000,185.47105407714844,9.241838455200195
301,1,1000,1000,185.47100830078125,9.241832733154297
302,1,1000,1000,185.47097778320312,9.24183464050293
303,1,1000,1000,185.47103881835938,9.241837501525879
304,1,1000,1000,185.4711456298828,9.241833686828613
305,1,1000,1000,185.47116088867188,9.241840362548828
306,1,1000,1000,185.47116088867188,9.241846084594727
307,1,1000,1000,185.4711456298828,9.241850852966309
308,1,1000,1000,185.4711456298828,9.241848945617676
309,1,1000,1000,185.47122192382812,9.241850852966309
310,1,1000,1000,185.47122192382812,9.241839408874512
311,1,1000,1000,185.47122192382812,9.241841316223145
312,1,1000,1000,185.47122192382812,9.241843223571777
313,1,1000,1000,185.47125244140625,9.241849899291992
314,1,1000,1000,185.47125244140625,9.241851806640625
315,1,1000,1000,185.47125244140625,9.241847038269043
316,1,1000,1000,185.47125244140625,9.24183464050293
317,1,1000,1000,185.4712677001953,9.241833686828613
318,1,1000,1000,185.47128295898438,9.24184513092041
319,1,1000,1000,185.47128295898438,9.241848945617676
320,1,1000,1000,185.47129821777344,9.241843223571777
321,1,1000,1000,185.4713134765625,9.241835594177246
322,1,1000,1000,185.47128295898438,9.241836547851562
323,1,1000,1000,185.4713134765625,9.241836547851562
324,1,1000,1000,185.47142028808594,9.241841316223145
325,1,1000,1000,185.4715576171875,9.241849899291992
326,1,1000,1000,185.47158813476562,9.241851806640625
327,1,1000,1000,185.47161865234375,9.24184799194336
328,1,1000,1000,185.47161865234375,9.241841316223145
329,1,1000,1000,185.4716796875,9.241833686828613
330,1,1000,1000,185.47164916992188,9.241839408874512
331,1,1000,1000,185.47164916992188,9.241852760314941
332,1,1000,1000,185.47171020507812,9.241853713989258
333,1,1000,1000,185.47177124023438,9.241853713989258
334,1,1000,1000,185.4718017578125,9.241848945617676
335,1,1000,1000,185.4718475341797,9.241839408874512
336,1,1000,1000,185.47186279296875,9.241836547851562
337,1,1000,1000,185.47183227539062,9.241827964782715
338,1,1000,1000,185.47174072265625,9.241828918457031
339,1,1000,1000,185.47158813476562,9.241833686828613
340,1,1000,1000,185.47158813476562,9.241836547851562
341,1,1000,1000,185.4716796875,9.241843223571777
342,1,1000,1000,185.4718017578125,9.241848945617676
343,1,1000,1000,185.471923828125,9.241840362548828
344,1,1000,1000,185.47198486328125,9.241848945617676
345,1,1000,1000,185.47193908691406,9.24184799194336
346,1,1000,1000,185.471923828125,9.24184513092041
347,1,1000,1000,185.47195434570312,9.24184799194336
348,1,1000,1000,185.471923828125,9.241847038269043
349,1,1000,1000,185.4719696044922,9.241857528686523
350,1,1000,1000,185.4720001220703,9.24185562133789
351,1,1000,1000,185.47195434570312,9.241860389709473
352,1,1000,1000,185.47186279296875,9.241862297058105
353,1,1000,1000,185.47171020507812,9.241854667663574
354,1,1000,1000,185.4716796875,9.241851806640625
355,1,1000,1000,185.47177124023438,9.241848945617676
356,1,1000,1000,185.47183227539062,9.241837501525879
357,1,1000,1000,185.47198486328125,9.241838455200195
358,1,1000,1000,185.47210693359375,9.241853713989258
359,1,1000,1000,185.47210693359375,9.24184799194336
360,1,1000,1000,185.47201538085938,9.241832733154297
361,1,1000,1000,185.47207641601562,9.241820335388184
362,1,1000,1000,185.47210693359375,9.241820335388184
363,1,1000,1000,185.47219848632812,9.241826057434082
364,1,1000,1000,185.47225952148438,9.241829872131348
365,1,1000,1000,185.47244262695312,9.241849899291992
366,1,1000,1000,185.47256469726562,9.241860389709473
367,1,1000,1000,185.47259521484375,9.241847038269043
368,1,1000,1000,185.47262573242188,9.241835594177246
369,1,1000,1000,185.4725799560547,9.241836547851562
370,1,1000,1000,185.4725799560547,9.241846084594727
371,1,1000,1000,185.47265625,9.241832733154297
372,1,1000,1000,185.4727325439453,9.241843223571777
373,1,1000,1000,185.4727325439453,9.241846084594727
374,1,1000,1000,185.47274780273438,9.241839408874512
375,1,1000,1000,185.4727783203125,9.24184799194336
376,1,1000,1000,185.4727783203125,9.241856575012207
377,1,1000,1000,185.4727783203125,9.241861343383789
378,1,1000,1000,185.4727783203125,9.241865158081055
379,1,1000,1000,185.4727783203125,9.241842269897461
380,1,1000,1000,185.4727783203125,9.241826057434082
381,1,1000,1000,185.47279357910156,9.241835594177246
382,1,1000,1000,185.47280883789062,9.241857528686523
383,1,1000,1000,185.47280883789062,9.241851806640625
384,1,1000,1000,185.47283935546875,9.241850852966309
385,1,1000,1000,185.4728546142578,9.241835594177246
386,1,1000,1000,185.472900390625,9.241825103759766
387,1,1000,1000,185.47291564941406,9.241809844970703
388,1,1000,1000,185.4729461669922,9.241809844970703
389,1,1000,1000,185.47296142578125,9.24182415008545
390,1,1000,1000,185.4729461669922,9.24183177947998
391,1,1000,1000,185.4729461669922,9.241832733154297
392,1,1000,1000,185.47280883789062,9.241828918457031
393,1,1000,1000,185.47271728515625,9.241838455200195
394,1,1000,1000,185.47267150878906,9.241844177246094
395,1,1000,1000,185.47265625,9.24184513092041
396,1,1000,1000,185.47262573242188,9.241841316223145
397,1,1000,1000,185.47262573242188,9.241837501525879
398,1,1000,1000,185.4726104736328,9.241836547851562
399,1,1000,1000,185.47265625,9.241832733154297
400,1,1000,1000,185.47268676757812,9.241838455200195
401,1,1000,1000,185.47268676757812,9.241839408874512
402,1,1000,1000,185.47271728515625,9.241841316223145
403,1,1000,1000,185.47276306152344,9.241850852966309
404,1,1000,1000,185.47280883789062,9.241844177246094
405,1,1000,1000,185.47283935546875,9.241841316223145
406,1,1000,1000,185.47283935546875,9.241853713989258
407,1,1000,1000,185.47283935546875,9.241852760314941
408,1,1000,1000,185.4727783203125,9.241860389709473
409,1,1000,1000,185.47283935546875,9.241849899291992
410,1,1000,1000,185.47286987304688,9.24184799194336
411,1,1000,1000,185.472900390625,9.241836547851562
412,1,1000,1000,185.47293090820312,9.241823196411133
413,1,1000,1000,185.47293090820312,9.241840362548828
414,1,1000,1000,185.4729461669922,9.241856575012207
415,1,1000,1000,185.47280883789062,9.241857528686523
416,1,1000,1000,185.4727020263672,9.241848945617676
417,1,1000,1000,185.47262573242188,9.241857528686523
418,1,1000,1000,185.47264099121094,9.241863250732422
419,1,1000,1000,185.47265625,9.241870880126953
420,1,1000,1000,185.47271728515625,9.241866111755371
421,1,1000,1000,185.47268676757812,9.241856575012207
422,1,1000,1000,185.47262573242188,9.241836547851562
423,1,1000,1000,185.47259521484375,9.241823196411133
424,1,1000,1000,185.47254943847656,9.241830825805664
425,1,1000,1000,185.47259521484375,9.24184799194336
426,1,1000,1000,185.47265625,9.241849899291992
427,1,1000,1000,185.47280883789062,9.241844177246094
428,1,1000,1000,185.47293090820312,9.241847038269043
429,1,1000,1000,185.47286987304688,9.241847038269043
430,1,1000,1000,185.4729766845703,9.241828918457031
431,1,1000,1000,185.47308349609375,9.241822242736816
432,1,1000,1000,185.47317504882812,9.241822242736816
433,1,1000,1000,185.4732208251953,9.241827964782715
434,1,1000,1000,185.47311401367188,9.241844177246094
435,1,1000,1000,185.4730224609375,9.24184799194336
436,1,1000,1000,185.47293090820312,9.241835594177246
437,1,1000,1000,185.47296142578125,9.241823196411133
438,1,1000,1000,185.47305297851562,9.241836547851562
439,1,1000,1000,185.4730224609375,9.24185848236084
440,1,1000,1000,185.47311401367188,9.241860389709473
441,1,1000,1000,185.47305297851562,9.241864204406738
442,1,1000,1000,185.47293090820312,9.241863250732422
443,1,1000,1000,185.47296142578125,9.24185848236084
444,1,1000,1000,185.472900390625,9.241835594177246
445,1,1000,1000,185.47296142578125,9.241830825805664
446,1,1000,1000,185.47286987304688,9.241820335388184
447,1,1000,1000,185.47286987304688,9.241822242736816
448,1,1000,1000,185.47286987304688,9.241837501525879
449,1,1000,1000,185.47286987304688,9.241847038269043
450,1,1000,1000,185.47279357910156,9.241840362548828
451,1,1000,1000,185.47265625,9.241853713989258
452,1,1000,1000,185.47244262695312,9.241856575012207
453,1,1000,1000,185.4723663330078,9.241856575012207
454,1,1000,1000,185.47238159179688,9.241837501525879
455,1,1000,1000,185.47239685058594,9.241833686828613
456,1,1000,1000,185.47238159179688,9.241841316223145
457,1,1000,1000,185.47222900390625,9.241840362548828
458,1,1000,1000,185.47213745117188,9.241840362548828
459,1,1000,1000,185.4720458984375,9.24183464050293
460,1,1000,1000,185.47206115722656,9.241835594177246
461,1,1000,1000,185.47213745117188,9.241827964782715
462,1,1000,1000,185.47216796875,9.241820335388184
463,1,1000,1000,185.47210693359375,9.241841316223145
464,1,1000,1000,185.4720458984375,9.241843223571777
465,1,1000,1000,185.47195434570312,9.241844177246094
466,1,1000,1000,185.47203063964844,9.241841316223145
467,1,1000,1000,185.47210693359375,9.241838455200195
468,1,1000,1000,185.47213745117188,9.241852760314941
469,1,1000,1000,185.47210693359375,9.241859436035156
470,1,1000,1000,185.47201538085938,9.241841316223145
471,1,1000,1000,185.47203063964844,9.241827964782715
472,1,1000,1000,185.47195434570312,9.241826057434082
473,1,1000,1000,185.4719696044922,9.241838455200195
474,1,1000,1000,185.47198486328125,9.24183464050293
475,1,1000,1000,185.471923828125,9.241829872131348
476,1,1000,1000,185.47186279296875,9.241832733154297
477,1,1000,1000,185.471923828125,9.241847038269043
478,1,1000,1000,185.47195434570312,9.241848945617676
479,1,1000,1000,185.4719696044922,9.241841316223145
480,1,1000,1000,185.4720001220703,9.241837501525879
481,1,1000,1000,185.47203063964844,9.241837501525879
482,1,1000,1000,185.4720001220703,9.241837501525879
483,1,1000,1000,185.47198486328125,9.241851806640625
484,1,1000,1000,185.47201538085938,9.241860389709473
485,1,1000,1000,185.4719696044922,9.241865158081055
486,1,1000,1000,185.47195434570312,9.241862297058105
487,1,1000,1000,185.471923828125,9.24185848236084
488,1,1000,1000,185.471923828125,9.241838455200195
489,1,1000,1000,185.47198486328125,9.241827964782715
490,1,1000,1000,185.4719696044922,9.2418212890625
491,1,1000,1000,185.47195434570312,9.241840362548828
492,1,1000,1000,185.47195434570312,9.241857528686523
493,1,1000,1000,185.47193908691406,9.241866111755371
494,1,1000,1000,185.47198486328125,9.241853713989258
495,1,1000,1000,185.47195434570312,9.24184799194336
496,1,1000,1000,185.47186279296875,9.241856575012207
497,1,1000,1000,185.4718017578125,9.241846084594727
498,1,1000,1000,185.4718017578125,9.241840362548828
499,1,1000,1000,185.47174072265625,9.241841316223145
500,1,1000,1000,185.47171020507812,9.241848945617676
501,1,1000,1000,185.47171020507812,9.241857528686523
502,1,1000,1000,185.4716796875,9.241857528686523
503,1,1000,1000,185.4716796875,9.241839408874512
504,1,1000,1000,185.4716339111328,9.241811752319336
505,1,1000,1000,185.47161865234375,9.241816520690918
506,1,1000,1000,185.47161865234375,9.241827011108398
507,1,1000,1000,185.4716339111328,9.241842269897461
508,1,1000,1000,185.47164916992188,9.24184513092041
509,1,1000,1000,185.4716796875,9.24185562133789
510,1,1000,1000,185.4716796875,9.241865158081055
511,1,1000,1000,185.47164916992188,9.24185562133789
512,1,1000,1000,185.47171020507812,9.241840362548828
513,1,1000,1000,185.47171020507812,9.241827964782715
514,1,1000,1000,185.4717559814453,9.24183177947998
515,1,1000,1000,185.4717559814453,9.24182415008545
516,1,1000,1000,185.4718017578125,9.24183464050293
517,1,1000,1000,185.47186279296875,9.24183464050293
518,1,1000,1000,185.471923828125,9.24184513092041
519,1,1000,1000,185.471923828125,9.241847038269043
520,1,1000,1000,185.47186279296875,9.241854667663574
521,1,1000,1000,185.47195434570312,9.241854667663574
522,1,1000,1000,185.47195434570312,9.241844177246094
523,1,1000,1000,185.47189331054688,9.241843223571777
524,1,1000,1000,185.47193908691406,9.241837501525879
525,1,1000,1000,185.4720001220703,9.241837501525879
526,1,1000,1000,185.4720916748047,9.241836547851562
527,1,1000,1000,185.47213745117188,9.24184799194336
528,1,1000,1000,185.47219848632812,9.241853713989258
529,1,1000,1000,185.47219848632812,9.241841316223145
530,1,1000,1000,185.47219848632812,9.241835594177246
531,1,1000,1000,185.47219848632812,9.24184799194336
532,1,1000,1000,185.47219848632812,9.241861343383789
533,1,1000,1000,185.47219848632812,9.241870880126953
534,1,1000,1000,185.4722442626953,9.241862297058105
535,1,1000,1000,185.47232055664062,9.24183464050293
536,1,1000,1000,185.47238159179688,9.24183464050293
537,1,1000,1000,185.47238159179688,9.241829872131348
538,1,1000,1000,185.47235107421875,9.241830825805664
539,1,1000,1000,185.47250366210938,9.241841316223145
540,1,1000,1000,185.47250366210938,9.241848945617676
541,1,1000,1000,185.47251892089844,9.241848945617676
542,1,1000,1000,185.47250366210938,9.241840362548828
543,1,1000,1000,185.47259521484375,9.241817474365234
544,1,1000,1000,185.47259521484375,9.241819381713867
545,1,1000,1000,185.47256469726562,9.2418212890625
546,1,1000,1000,185.47256469726562,9.241820335388184
547,1,1000,1000,185.47259521484375,9.241830825805664
548,1,1000,1000,185.4727325439453,9.24183177947998
549,1,1000,1000,185.47274780273438,9.241827964782715
550,1,1000,1000,185.47274780273438,9.24184513092041
551,1,1000,1000,185.47276306152344,9.241843223571777
552,1,1000,1000,185.47280883789062,9.24184799194336
553,1,1000,1000,185.47293090820312,9.241842269897461
554,1,1000,1000,185.47296142578125,9.241846084594727
555,1,1000,1000,185.47311401367188,9.241846084594727
556,1,1000,1000,185.47315979003906,9.241847038269043
557,1,1000,1000,185.47305297851562,9.241846084594727
558,1,1000,1000,185.47305297851562,9.241841316223145
559,1,1000,1000,185.47308349609375,9.241826057434082
560,1,1000,1000,185.47317504882812,9.241830825805664
561,1,1000,1000,185.47323608398438,9.241833686828613
562,1,1000,1000,185.47317504882812,9.241852760314941
563,1,1000,1000,185.4733123779297,9.241852760314941
564,1,1000,1000,185.47329711914062,9.241856575012207
565,1,1000,1000,185.47332763671875,9.241841316223145
566,1,1000,1000,185.473388671875,9.24184513092041
567,1,1000,1000,185.4734344482422,9.241844177246094
568,1,1000,1000,185.47348022460938,9.241844177246094
569,1,1000,1000,185.47364807128906,9.24183464050293
570,1,1000,1000,185.47369384765625,9.241841316223145
571,1,1000,1000,185.4737548828125,9.241840362548828
572,1,1000,1000,185.47381591796875,9.241848945617676
573,1,1000,1000,185.47389221191406,9.241842269897461
574,1,1000,1000,185.473876953125,9.241829872131348
575,1,1000,1000,185.47396850585938,9.241826057434082
576,1,1000,1000,185.4739990234375,9.24182415008545
577,1,1000,1000,185.4739990234375,9.241836547851562
578,1,1000,1000,185.47401428222656,9.241847038269043
579,1,1000,1000,185.47398376464844,9.241848945617676
580,1,1000,1000,185.47401428222656,9.241856575012207
581,1,1000,1000,185.47406005859375,9.241847038269043
582,1,1000,1000,185.47413635253906,9.241852760314941
583,1,1000,1000,185.47406005859375,9.241848945617676
584,1,1000,1000,185.47402954101562,9.241840362548828
585,1,1000,1000,185.4739990234375,9.241842269897461
586,1,1000,1000,185.4739990234375,9.241838455200195
587,1,1000,1000,185.47406005859375,9.241841316223145
588,1,1000,1000,185.4740753173828,9.241836547851562
589,1,1000,1000,185.47418212890625,9.241820335388184
590,1,1000,1000,185.47442626953125,9.241827011108398
591,1,1000,1000,185.47462463378906,9.241822242736816
592,1,1000,1000,185.4747314453125,9.241835594177246
593,1,1000,1000,185.4747314453125,9.24184799194336
594,1,1000,1000,185.4747314453125,9.24185562133789
595,1,1000,1000,185.47470092773438,9.241854667663574
596,1,1000,1000,185.4747314453125,9.241860389709473
597,1,1000,1000,185.4747314453125,9.24187183380127
598,1,1000,1000,185.47482299804688,9.241865158081055
599,1,1000,1000,185.4749298095703,9.241866111755371
600,1,1000,1000,185.47500610351562,9.241870880126953
601,1,1000,1000,185.47500610351562,9.2418794631958
602,1,1000,1000,185.4751739501953,9.241897583007812
603,1,1000,1000,185.47531127929688,9.241900444030762
604,1,1000,1000,185.4753875732422,9.241860389709473
605,1,1000,1000,185.4754638671875,9.241836547851562
606,1,1000,1000,185.47555541992188,9.24183464050293
607,1,1000,1000,185.47576904296875,9.241852760314941
608,1,1000,1000,185.47592163085938,9.241839408874512
609,1,1000,1000,185.47604370117188,9.241827964782715
610,1,1000,1000,185.47605895996094,9.24183464050293
611,1,1000,1000,185.47605895996094,9.241857528686523
612,1,1000,1000,185.47610473632812,9.24187183380127
613,1,1000,1000,185.47634887695312,9.241874694824219
614,1,1000,1000,185.47653198242188,9.241854667663574
615,1,1000,1000,185.476806640625,9.241863250732422
616,1,1000,1000,185.47698974609375,9.24187183380127
617,1,1000,1000,185.47714233398438,9.241853713989258
618,1,1000,1000,185.4771728515625,9.241839408874512
619,1,1000,1000,185.47727966308594,9.241819381713867
620,1,1000,1000,185.4774932861328,9.241826057434082
621,1,1000,1000,185.4777069091797,9.241827964782715
622,1,1000,1000,185.47796630859375,9.241832733154297
623,1,1000,1000,185.47817993164062,9.241838455200195
624,1,1000,1000,185.47830200195312,9.24183464050293
625,1,1000,1000,185.4783935546875,9.241851806640625
626,1,1000,1000,185.4784393310547,9.241854667663574
627,1,1000,1000,185.47848510742188,9.241857528686523
628,1,1000,1000,185.47866821289062,9.24185562133789
629,1,1000,1000,185.47885131835938,9.241870880126953
630,1,1000,1000,185.47900390625,9.24185562133789
631,1,1000,1000,185.47921752929688,9.241840362548828
632,1,1000,1000,185.47933959960938,9.241828918457031
633,1,1000,1000,185.4794921875,9.241813659667969
634,1,1000,1000,185.4796905517578,9.2418212890625
635,1,1000,1000,185.47994995117188,9.241846084594727
636,1,1000,1000,185.48007202148438,9.241876602172852
637,1,1000,1000,185.48025512695312,9.241865158081055
638,1,1000,1000,185.4805145263672,9.241829872131348
639,1,1000,1000,185.4806671142578,9.241809844970703
640,1,1000,1000,185.48080444335938,9.241802215576172
641,1,1000,1000,185.48092651367188,9.241827011108398
642,1,1000,1000,185.48095703125,9.241872787475586
643,1,1000,1000,185.4810791015625,9.241869926452637
644,1,1000,1000,185.48126220703125,9.2418794631958
645,1,1000,1000,185.48155212402344,9.241864204406738
646,1,1000,1000,185.48184204101562,9.241846084594727
647,1,1000,1000,185.48211669921875,9.241837501525879
648,1,1000,1000,185.48236083984375,9.241852760314941
649,1,1000,1000,185.48257446289062,9.241856575012207
650,1,1000,1000,185.48284912109375,9.241862297058105
651,1,1000,1000,185.48312377929688,9.241841316223145
652,1,1000,1000,185.48336791992188,9.241837501525879
653,1,1000,1000,185.48361206054688,9.24183177947998
654,1,1000,1000,185.4837188720703,9.241836547851562
655,1,1000,1000,185.48388671875,9.241851806640625
656,1,1000,1000,185.48406982421875,9.241853713989258
657,1,1000,1000,185.4843292236328,9.241852760314941
658,1,1000,1000,185.48460388183594,9.241847038269043
659,1,1000,1000,185.48480224609375,9.241837501525879
660,1,1000,1000,185.48509216308594,9.241844177246094
661,1,1000,1000,185.4852294921875,9.241850852966309
662,1,1000,1000,185.48536682128906,9.241844177246094
663,1,1000,1000,185.48568725585938,9.241839408874512
664,1,1000,1000,185.48606872558594,9.241835594177246
665,1,1000,1000,185.48631286621094,9.241841316223145
666,1,1000,1000,185.48654174804688,9.241841316223145
667,1,1000,1000,185.48678588867188,9.241837501525879
668,1,1000,1000,185.48712158203125,9.241836547851562
669,1,1000,1000,185.4874267578125,9.24184799194336
670,1,1000,1000,185.48764038085938,9.241862297058105
671,1,1000,1000,185.48794555664062,9.241863250732422
672,1,1000,1000,185.48831176757812,9.241870880126953
673,1,1000,1000,185.48863220214844,9.241883277893066
674,1,1000,1000,185.4888916015625,9.241851806640625
675,1,1000,1000,185.4891815185547,9.241827011108398
676,1,1000,1000,185.4894561767578,9.24180793762207
677,1,1000,1000,185.48983764648438,9.241803169250488
678,1,1000,1000,185.490234375,9.241808891296387
679,1,1000,1000,185.4906005859375,9.241841316223145
680,1,1000,1000,185.49102783203125,9.241867065429688
681,1,1000,1000,185.49142456054688,9.241866111755371
682,1,1000,1000,185.49180603027344,9.24185848236084
683,1,1000,1000,185.49203491210938,9.241844177246094
684,1,1000,1000,185.49246215820312,9.241828918457031
685,1,1000,1000,185.49285888671875,9.24184513092041
686,1,1000,1000,185.4931640625,9.241849899291992
687,1,1000,1000,185.49356079101562,9.241837501525879
688,1,1000,1000,185.49380493164062,9.241825103759766
689,1,1000,1000,185.49407958984375,9.241792678833008
690,1,1000,1000,185.49441528320312,9.241799354553223
691,1,1000,1000,185.49481201171875,9.241844177246094
692,1,1000,1000,185.49505615234375,9.241862297058105
693,1,1000,1000,185.49530029296875,9.241874694824219
694,1,1000,1000,185.49566650390625,9.24185848236084
695,1,1000,1000,185.49606323242188,9.241859436035156
696,1,1000,1000,185.4964599609375,9.241866111755371
697,1,1000,1000,185.496826171875,9.24184799194336
698,1,1000,1000,185.4971923828125,9.24184799194336
699,1,1000,1000,185.4974822998047,9.24183464050293
700,1,1000,1000,185.49774169921875,9.241836547851562
701,1,1000,1000,185.49806213378906,9.241827011108398
702,1,1000,1000,185.49847412109375,9.241819381713867
703,1,1000,1000,185.49874877929688,9.241808891296387
704,1,1000,1000,185.4991912841797,9.241792678833008
705,1,1000,1000,185.49961853027344,9.241844177246094
706,1,1000,1000,185.49996948242188,9.241890907287598
707,1,1000,1000,185.5003662109375,9.24191665649414
708,1,1000,1000,185.50067138671875,9.241928100585938
709,1,1000,1000,185.50088500976562,9.241911888122559
710,1,1000,1000,185.50115966796875,9.24185562133789
711,1,1000,1000,185.50146484375,9.241830825805664
712,1,1000,1000,185.50169372558594,9.241823196411133
713,1,1000,1000,185.50192260742188,9.241842269897461
714,1,1000,1000,185.50221252441406,9.241856575012207
715,1,1000,1000,185.50253295898438,9.241849899291992
716,1,1000,1000,185.5028076171875,9.241857528686523
717,1,1000,1000,185.50299072265625,9.241843223571777
718,1,1000,1000,185.50320434570312,9.241842269897461
719,1,1000,1000,185.50355529785156,9.241850852966309
720,1,1000,1000,185.50387573242188,9.241844177246094
721,1,1000,1000,185.50421142578125,9.241848945617676
722,1,1000,1000,185.50445556640625,9.241850852966309
723,1,1000,1000,185.5045623779297,9.241850852966309
724,1,1000,1000,185.50469970703125,9.241849899291992
725,1,1000,1000,185.50479125976562,9.241849899291992
726,1,1000,1000,185.5048828125,9.24184799194336
727,1,1000,1000,185.5050048828125,9.241847038269043
728,1,1000,1000,185.50515747070312,9.241839408874512
729,1,1000,1000,185.5054473876953,9.241833686828613
730,1,1000,1000,185.50564575195312,9.241841316223145
731,1,1000,1000,185.50564575195312,9.241848945617676
732,1,1000,1000,185.50559997558594,9.241850852966309
733,1,1000,1000,185.50559997558594,9.241850852966309
734,1,1000,1000,185.50567626953125,9.241847038269043
735,1,1000,1000,185.50567626953125,9.24184513092041
736,1,1000,1000,185.5057373046875,9.241837501525879
737,1,1000,1000,185.50576782226562,9.241842269897461
738,1,1000,1000,185.50576782226562,9.24184513092041
739,1,1000,1000,185.5058135986328,9.241839408874512
740,1,1000,1000,185.50582885742188,9.241841316223145
741,1,1000,1000,185.50584411621094,9.241847038269043
742,1,1000,1000,185.505859375,9.24184799194336
743,1,1000,1000,185.505859375,9.24184513092041
744,1,1000,1000,185.50588989257812,9.241837501525879
745,1,1000,1000,185.50588989257812,9.241840362548828
746,1,1000,1000,185.50592041015625,9.241851806640625
747,1,1000,1000,185.50595092773438,9.24185562133789
748,1,1000,1000,185.50596618652344,9.24185562133789
749,1,1000,1000,185.50599670410156,9.241844177246094
750,1,1000,1000,185.50607299804688,9.24183177947998
751,1,1000,1000,185.50608825683594,9.241826057434082
752,1,1000,1000,185.50604248046875,9.24183464050293
753,1,1000,1000,185.50607299804688,9.241839408874512
754,1,1000,1000,185.50587463378906,9.241846084594727
755,1,1000,1000,185.48809814453125,9.241841316223145
756,1,1000,1000,185.44158935546875,9.241840362548828
757,1,1000,1000,185.36520385742188,9.241839408874512
758,1,1000,1000,185.26345825195312,9.241838455200195
759,1,1000,1000,185.14259338378906,9.241837501525879
760,1,1000,1000,185.00875854492188,9.241838455200195
761,1,1000,1000,184.86688232421875,9.241842269897461
762,1,1000,1000,184.7207489013672,9.241846084594727
763,1,1000,1000,184.57366943359375,9.241846084594727
764,1,1000,1000,184.42880249023438,9.24184513092041
765,1,1000,1000,184.28948974609375,9.241844177246094
766,1,1000,1000,184.15895080566406,9.241843223571777
767,1,1000,1000,184.04058837890625,9.241842269897461
768,1,1000,1000,183.93792724609375,9.241841316223145
769,1,1000,1000,183.85426330566406,9.241841316223145
770,1,1000,1000,183.79281616210938,9.241841316223145
771,1,1000,1000,183.76187133789062,9.241842269897461
772,1,1000,1000,183.74635314941406,9.241847038269043
773,1,1000,1000,183.7351837158203,9.24185562133789
774,1,1000,1000,183.72512817382812,9.241865158081055
775,1,1000,1000,183.71641540527344,9.24187183380127
776,1,1000,1000,183.7099609375,9.241874694824219
777,1,1000,1000,183.70579528808594,9.241874694824219
778,1,1000,1000,183.70361328125,9.241873741149902
779,1,1000,1000,183.70272827148438,9.241872787475586
780,1,1000,1000,183.70260620117188,9.24187183380127
781,1,1000,1000,183.7027130126953,9.24187183380127
782,1,1000,1000,183.7029571533203,9.24187183380127
783,1,1000,1000,183.70306396484375,9.24187183380127
784,1,1000,1000,183.70318603515625,9.24187183380127
785,1,1000,1000,183.7031707763672,9.24187183380127
786,1,1000,1000,183.70376586914062,9.24187183380127
787,1,1000,1000,183.70404052734375,9.24187183380127
788,1,1000,1000,183.70394897460938,9.24187183380127
789,1,1000,1000,183.70384216308594,9.24187183380127
790,1,1000,1000,183.70382690429688,9.24187183380127
791,1,1000,1000,183.70382690429688,9.24187183380127
792,1,1000,1000,183.70384216308594,9.24187183380127
793,1,1000,1000,183.70382690429688,9.24187183380127
794,1,1000,1000,183.70382690429688,9.24187183380127
795,1,1000,1000,183.70384216308594,9.24187183380127
796,1,1000,1000,183.70382690429688,9.24187183380127
797,1,1000,1000,183.70384216308594,9.24187183380127
798,1,1000,1000,183.70382690429688,9.24187183380127
799,1,1000,1000,183.70384216308594,9.24187183380127
800,1,1000,1000,183.70382690429688,9.24187183380127
801,1,1000,1000,183.70384216308594,9.24187183380127
802,1,1000,1000,183.70382690429688,9.24187183380127
803,1,1000,1000,183.70384216308594,9.24187183380127
804,1,1000,1000,183.70382690429688,9.24187183380127
805,1,1000,1000,183.70384216308594,9.24187183380127
806,1,1000,1000,183.70382690429688,9.24187183380127
807,1,1000,1000,183.70382690429688,9.24187183380127
808,1,1000,1000,183.70384216308594,9.24187183380127
809,1,1000,1000,183.70382690429688,9.24187183380127
810,1,1000,1000,183.70384216308594,9.24187183380127
811,1,1000,1000,183.70382690429688,9.24187183380127
812,1,1000,1000,183.70384216308594,9.24187183380127
813,1,1000,1000,183.70382690429688,9.24187183380127
814,1,1000,1000,183.703857421875,9.24187183380127
815,1,1000,1000,183.70382690429688,9.24187183380127
816,1,1000,1000,183.70382690429688,9.24187183380127
817,1,1000,1000,183.70382690429688,9.24187183380127
818,1,1000,1000,183.70384216308594,9.24187183380127
819,1,1000,1000,183.70384216308594,9.24187183380127
820,1,1000,1000,183.70382690429688,9.24187183380127
821,1,1000,1000,183.70382690429688,9.24187183380127
822,1,1000,1000,183.70384216308594,9.24187183380127
823,1,1000,1000,183.70384216308594,9.24187183380127
824,1,1000,1000,183.70382690429688,9.24187183380127
825,1,1000,1000,183.70382690429688,9.24187183380127
826,1,1000,1000,183.703857421875,9.24187183380127
827,1,1000,1000,183.70384216308594,9.24187183380127
828,1,1000,1000,183.70382690429688,9.24187183380127
829,1,1000,1000,183.70382690429688,9.24187183380127
830,1,1000,1000,183.703857421875,9.24187183380127
831,1,1000,1000,183.70384216308594,9.24187183380127
832,1,1000,1000,183.70382690429688,9.24187183380127
833,1,1000,1000,183.70382690429688,9.24187183380127
834,1,1000,1000,183.703857421875,9.24187183380127
835,1,1000,1000,183.703857421875,9.24187183380127
836,1,1000,1000,183.70382690429688,9.24187183380127
837,1,1000,1000,183.70382690429688,9.24187183380127
838,1,1000,1000,183.70384216308594,9.24187183380127
839,1,1000,1000,183.70382690429688,9.24187183380127
840,1,1000,1000,183.70382690429688,9.24187183380127
841,1,1000,1000,183.703857421875,9.24187183380127
842,1,1000,1000,183.703857421875,9.24187183380127
843,1,1000,1000,183.70382690429688,9.24187183380127
844,1,1000,1000,183.70382690429688,9.24187183380127
845,1,1000,1000,183.70384216308594,9.24187183380127
846,1,1000,1000,183.70382690429688,9.24187183380127
847,1,1000,1000,183.70384216308594,9.24187183380127
848,1,1000,1000,183.70382690429688,9.24187183380127
849,1,1000,1000,183.70384216308594,9.24187183380127
850,1,1000,1000,183.70382690429688,9.24187183380127
851,1,1000,1000,183.70384216308594,9.24187183380127
852,1,1000,1000,183.70382690429688,9.24187183380127
853,1,1000,1000,183.70384216308594,9.24187183380127
854,1,1000,1000,183.70382690429688,9.24187183380127
855,1,1000,1000,183.70384216308594,9.24187183380127
856,1,1000,1000,183.70382690429688,9.24187183380127
857,1,1000,1000,183.70382690429688,9.24187183380127
858,1,1000,1000,183.70384216308594,9.24187183380127
859,1,1000,1000,183.70382690429688,9.24187183380127
860,1,1000,1000,183.70384216308594,9.24187183380127
861,1,1000,1000,183.70382690429688,9.24187183380127
862,1,1000,1000,183.70384216308594,9.24187183380127
863,1,1000,1000,183.70382690429688,9.24187183380127
864,1,1000,1000,183.70382690429688,9.24187183380127
865,1,1000,1000,183.70382690429688,9.24187183380127
866,1,1000,1000,183.70384216308594,9.24187183380127
867,1,1000,1000,183.70382690429688,9.24187183380127
868,1,1000,1000,183.70382690429688,9.24187183380127
869,1,1000,1000,183.70382690429688,9.24187183380127
870,1,1000,1000,183.70384216308594,9.24187183380127
871,1,1000,1000,183.70384216308594,9.24187183380127
872,1,1000,1000,183.70382690429688,9.24187183380127
873,1,1000,1000,183.70382690429688,9.24187183380127
874,1,1000,1000,183.703857421875,9.24187183380127
875,1,1000,1000,183.70384216308594,9.24187183380127
876,1,1000,1000,183.70382690429688,9.24187183380127
877,1,1000,1000,183.70382690429688,9.24187183380127
878,1,1000,1000,183.703857421875,9.24187183380127
879,1,1000,1000,183.70384216308594,9.24187183380127
880,1,1000,1000,183.70382690429688,9.24187183380127
881,1,1000,1000,183.70382690429688,9.24187183380127
882,1,1000,1000,183.703857421875,9.24187183380127
883,1,1000,1000,183.703857421875,9.24187183380127
884,1,1000,1000,183.70382690429688,9.24187183380127
885,1,1000,1000,183.70382690429688,9.24187183380127
886,1,1000,1000,183.70384216308594,9.24187183380127
887,1,1000,1000,183.70382690429688,9.24187183380127
888,1,1000,1000,183.70384216308594,9.24187183380127
889,1,1000,1000,183.70382690429688,9.24187183380127
890,1,1000,1000,183.70384216308594,9.24187183380127
891,1,1000,1000,183.70382690429688,9.24187183380127
892,1,1000,1000,183.70384216308594,9.24187183380127
893,1,1000,1000,183.70382690429688,9.24187183380127
894,1,1000,1000,183.70384216308594,9.24187183380127
895,1,1000,1000,183.70382690429688,9.24187183380127
896,1,1000,1000,183.70384216308594,9.24187183380127
897,1,1000,1000,183.70382690429688,9.24187183380127
898,1,1000,1000,183.70384216308594,9.24187183380127
899,1,1000,1000,183.70382690429688,9.24187183380127
900,1,1000,1000,183.70384216308594,9.24187183380127
901,1,1000,1000,183.70382690429688,9.24187183380127
902,1,1000,1000,183.70382690429688,9.24187183380127
903,1,1000,1000,183.70384216308594,9.24187183380127
904,1,1000,1000,183.70382690429688,9.24187183380127
905,1,1000,1000,183.70384216308594,9.24187183380127
906,1,1000,1000,183.70382690429688,9.24187183380127
907,1,1000,1000,183.70382690429688,9.24187183380127
908,1,1000,1000,183.70384216308594,9.24187183380127
909,1,1000,1000,183.70382690429688,9.24187183380127
910,1,1000,1000,183.70384216308594,9.24187183380127
911,1,1000,1000,183.70382690429688,9.24187183380127
912,1,1000,1000,183.70382690429688,9.24187183380127
913,1,1000,1000,183.70382690429688,9.24187183380127
914,1,1000,1000,183.70384216308594,9.24187183380127
915,1,1000,1000,183.70382690429688,9.24187183380127
916,1,1000,1000,183.70382690429688,9.24187183380127
917,1,1000,1000,183.70382690429688,9.24187183380127
918,1,1000,1000,183.70384216308594,9.24187183380127
919,1,1000,1000,183.70384216308594,9.24187183380127
920,1,1000,1000,183.70382690429688,9.24187183380127
921,1,1000,1000,183.70382690429688,9.24187183380127
922,1,1000,1000,183.703857421875,9.24187183380127
923,1,1000,1000,183.70384216308594,9.24187183380127
924,1,1000,1000,183.70382690429688,9.24187183380127
925,1,1000,1000,183.70382690429688,9.24187183380127
926,1,1000,1000,183.703857421875,9.24187183380127
927,1,1000,1000,183.70384216308594,9.24187183380127
928,1,1000,1000,183.70382690429688,9.24187183380127
929,1,1000,1000,183.70382690429688,9.24187183380127
930,1,1000,1000,183.703857421875,9.24187183380127
931,1,1000,1000,183.703857421875,9.24187183380127
932,1,1000,1000,183.70382690429688,9.24187183380127
933,1,1000,1000,183.70382690429688,9.24187183380127
934,1,1000,1000,183.70384216308594,9.24187183380127
935,1,1000,1000,183.70382690429688,9.24187183380127
936,1,1000,1000,183.70384216308594,9.24187183380127
937,1,1000,1000,183.70382690429688,9.24187183380127
938,1,1000,1000,183.70384216308594,9.24187183380127
939,1,1000,1000,183.70382690429688,9.24187183380127
940,1,1000,1000,183.70384216308594,9.24187183380127
941,1,1000,1000,183.70382690429688,9.24187183380127
942,1,1000,1000,183.70384216308594,9.24187183380127
943,1,1000,1000,183.70382690429688,9.24187183380127
944,1,1000,1000,183.70384216308594,9.24187183380127
945,1,1000,1000,183.70382690429688,9.24187183380127
946,1,1000,1000,183.70382690429688,9.24187183380127
947,1,1000,1000,183.70384216308594,9.24187183380127
948,1,1000,1000,183.70382690429688,9.24187183380127
949,1,1000,1000,183.70384216308594,9.24187183380127
950,1,1000,1000,183.70382690429688,9.24187183380127
951,1,1000,1000,183.70382690429688,9.24187183380127
952,1,1000,1000,183.70384216308594,9.24187183380127
953,1,1000,1000,183.70382690429688,9.24187183380127
954,1,1000,1000,183.70384216308594,9.24187183380127
955,1,1000,1000,183.70382690429688,9.24187183380127
956,1,1000,1000,183.70384216308594,9.24187183380127
957,1,1000,1000,183.70382690429688,9.24187183380127
958,1,1000,1000,183.70382690429688,9.24187183380127
959,1,1000,1000,183.70382690429688,9.24187183380127
960,1,1000,1000,183.70384216308594,9.24187183380127
961,1,1000,1000,183.70384216308594,9.24187183380127
962,1,1000,1000,183.70382690429688,9.24187183380127
963,1,1000,1000,183.70382690429688,9.24187183380127
964,1,1000,1000,183.703857421875,9.24187183380127
965,1,1000,1000,183.70384216308594,9.24187183380127
966,1,1000,1000,183.70382690429688,9.24187183380127
967,1,1000,1000,183.70382690429688,9.24187183380127
968,1,1000,1000,183.703857421875,9.24187183380127
969,1,1000,1000,183.70384216308594,9.24187183380127
970,1,1000,1000,183.70382690429688,9.24187183380127
971,1,1000,1000,183.70382690429688,9.24187183380127
972,1,1000,1000,183.703857421875,9.24187183380127
973,1,1000,1000,183.70384216308594,9.24187183380127
974,1,1000,1000,183.70382690429688,9.24187183380127
975,1,1000,1000,183.70382690429688,9.24187183380127
976,1,1000,1000,183.703857421875,9.24187183380127
977,1,1000,1000,183.703857421875,9.24187183380127
978,1,1000,1000,183.70382690429688,9.24187183380127
979,1,1000,1000,183.70384216308594,9.24187183380127
980,1,1000,1000,183.70382690429688,9.24187183380127
981,1,1000,1000,183.70384216308594,9.24187183380127
982,1,1000,1000,183.70382690429688,9.24187183380127
983,1,1000,1000,183.70384216308594,9.24187183380127
984,1,1000,1000,183.70382690429688,9.24187183380127
985,1,1000,1000,183.70384216308594,9.24187183380127
986,1,1000,1000,183.70382690429688,9.24187183380127
987,1,1000,1000,183.70384216308594,9.24187183380127
988,1,1000,1000,183.70382690429688,9.24187183380127
989,1,1000,1000,183.70384216308594,9.24187183380127
990,1,1000,1000,183.70382690429688,9.24187183380127
991,1,1000,1000,183.70384216308594,9.24187183380127
992,1,1000,1000,183.70382690429688,9.24187183380127
993,1,1000,1000,183.70384216308594,9.24187183380127
994,1,1000,1000,183.70382690429688,9.24187183380127
995,1,1000,1000,183.70382690429688,9.24187183380127
996,1,1000,1000,183.703857421875,9.24187183380127
997,1,1000,1000,183.70384216308594,9.24187183380127
998,1,1000,1000,183.70382690429688,9.24187183380127
999,1,1000,1000,183.70382690429688,9.24187183380127
1000,1,1000,1000,183.703857421875,9.24187183380127
1001,1,1000,1000,183.70384216308594,9.24187183380127
1002,1,1000,1000,183.70382690429688,9.24187183380127
1003,1,1000,1000,183.70382690429688,9.24187183380127
1004,1,1000,1000,183.703857421875,9.24187183380127
1005,1,1000,1000,183.70384216308594,9.24187183380127
1006,1,1000,1000,183.70382690429688,9.24187183380127
1007,1,1000,1000,183.70382690429688,9.24187183380127
1008,1,1000,1000,183.703857421875,9.24187183380127
1009,1,1000,1000,183.70384216308594,9.24187183380127
1010,1,1000,1000,183.70382690429688,9.24187183380127
1011,1,1000,1000,183.70382690429688,9.24187183380127
1012,1,1000,1000,183.703857421875,9.24187183380127
1013,1,1000,1000,183.703857421875,9.24187183380127
1014,1,1000,1000,183.70382690429688,9.24187183380127
1015,1,1000,1000,183.70382690429688,9.24187183380127
1016,1,1000,1000,183.70384216308594,9.24187183380127
1017,1,1000,1000,183.70382690429688,9.24187183380127
1018,1,1000,1000,183.70382690429688,9.24187183380127
1019,1,1000,1000,183.703857421875,9.24187183380127
1020,1,1000,1000,183.703857421875,9.24187183380127
1021,1,1000,1000,183.70382690429688,9.24187183380127
1022,1,1000,1000,183.70382690429688,9.24187183380127
1023,1,1000,1000,183.70382690429688,9.24187183380127
1024,1,1000,1000,183.70382690429688,9.24187183380127
1025,1,1000,1000,183.70382690429688,9.24187183380127
1026,1,1000,1000,183.70384216308594,9.24187183380127
1027,1,1000,1000,183.70382690429688,9.24187183380127
1028,1,1000,1000,183.70384216308594,9.24187183380127
1029,1,1000,1000,183.70382690429688,9.24187183380127
1030,1,1000,1000,183.70384216308594,9.24187183380127
1031,1,1000,1000,183.70382690429688,9.24187183380127
1032,1,1000,1000,183.70384216308594,9.24187183380127
1033,1,1000,1000,183.70382690429688,9.24187183380127
1034,1,1000,1000,183.70384216308594,9.24187183380127
1035,1,1000,1000,183.70382690429688,9.24187183380127
1036,1,1000,1000,183.70384216308594,9.24187183380127
1037,1,1000,1000,183.70382690429688,9.24187183380127
1038,1,1000,1000,183.70382690429688,9.24187183380127
1039,1,1000,1000,183.70384216308594,9.24187183380127
1040,1,1000,1000,183.70382690429688,9.24187183380127
1041,1,1000,1000,183.70384216308594,9.24187183380127
1042,1,1000,1000,183.70382690429688,9.24187183380127
1043,1,1000,1000,183.70384216308594,9.24187183380127
1044,1,1000,1000,183.70382690429688,9.24187183380127
1045,1,1000,1000,183.70382690429688,9.24187183380127
1046,1,1000,1000,183.70382690429688,9.24187183380127
1047,1,1000,1000,183.70384216308594,9.24187183380127
1048,1,1000,1000,183.70382690429688,9.24187183380127
1049,1,1000,1000,183.70382690429688,9.24187183380127
1050,1,1000,1000,183.70382690429688,9.24187183380127
1051,1,1000,1000,183.70384216308594,9.24187183380127
1052,1,1000,1000,183.70384216308594,9.24187183380127
1053,1,1000,1000,183.70382690429688,9.24187183380127
1054,1,1000,1000,183.70382690429688,9.24187183380127
1055,1,1000,1000,183.703857421875,9.24187183380127
1056,1,1000,1000,183.70384216308594,9.24187183380127
1057,1,1000,1000,183.70382690429688,9.24187183380127
1058,1,1000,1000,183.70382690429688,9.24187183380127
1059,1,1000,1000,183.703857421875,9.24187183380127
1060,1,1000,1000,183.70384216308594,9.24187183380127
1061,1,1000,1000,183.70382690429688,9.24187183380127
1062,1,1000,1000,183.70382690429688,9.24187183380127
1063,1,1000,1000,183.703857421875,9.24187183380127
1064,1,1000,1000,183.703857421875,9.24187183380127
1065,1,1000,1000,183.70382690429688,9.24187183380127
1066,1,1000,1000,183.70382690429688,9.24187183380127
1067,1,1000,1000,183.703857421875,9.24187183380127
1068,1,1000,1000,183.703857421875,9.24187183380127
1069,1,1000,1000,183.70382690429688,9.24187183380127
1070,1,1000,1000,183.70382690429688,9.24187183380127
1071,1,1000,1000,183.70382690429688,9.24187183380127
1072,1,1000,1000,183.70382690429688,9.24187183380127
1073,1,1000,1000,183.70382690429688,9.24187183380127
1074,1,1000,1000,183.70384216308594,9.24187183380127
1075,1,1000,1000,183.70382690429688,9.24187183380127
1076,1,1000,1000,183.70384216308594,9.24187183380127
1077,1,1000,1000,183.70382690429688,9.24187183380127
1078,1,1000,1000,183.70384216308594,9.24187183380127
1079,1,1000,1000,183.70382690429688,9.24187183380127
1080,1,1000,1000,183.70384216308594,9.24187183380127
1081,1,1000,1000,183.70382690429688,9.24187183380127
1082,1,1000,1000,183.70384216308594,9.24187183380127
1083,1,1000,1000,183.70382690429688,9.24187183380127
1084,1,1000,1000,183.70384216308594,9.24187183380127
1085,1,1000,1000,183.70382690429688,9.24187183380127
1086,1,1000,1000,183.70384216308594,9.24187183380127
1087,1,1000,1000,183.70382690429688,9.24187183380127
1088,1,1000,1000,183.703857421875,9.24187183380127
1089,1,1000,1000,183.70382690429688,9.24187183380127
1090,1,1000,1000,183.70382690429688,9.24187183380127
1091,1,1000,1000,183.70382690429688,9.24187183380127
1092,1,1000,1000,183.70384216308594,9.24187183380127
1093,1,1000,1000,183.70382690429688,9.24187183380127
1094,1,1000,1000,183.70382690429688,9.24187183380127
1095,1,1000,1000,183.70382690429688,9.24187183380127
1096,1,1000,1000,183.70384216308594,9.24187183380127
1097,1,1000,1000,183.70384216308594,9.24187183380127
1098,1,1000,1000,183.70382690429688,9.24187183380127
1099,1,1000,1000,183.70382690429688,9.24187183380127
1100,1,1000,1000,183.703857421875,9.24187183380127
1101,1,1000,1000,183.70384216308594,9.24187183380127
1102,1,1000,1000,183.70382690429688,9.24187183380127
1103,1,1000,1000,183.70382690429688,9.24187183380127
1104,1,1000,1000,183.703857421875,9.24187183380127
1105,1,1000,1000,183.70384216308594,9.24187183380127
1106,1,1000,1000,183.70382690429688,9.24187183380127
1107,1,1000,1000,183.70382690429688,9.24187183380127
1108,1,1000,1000,183.703857421875,9.24187183380127
1109,1,1000,1000,183.703857421875,9.24187183380127
1110,1,1000,1000,183.70382690429688,9.24187183380127
1111,1,1000,1000,183.70382690429688,9.24187183380127
1112,1,1000,1000,183.70384216308594,9.24187183380127
1113,1,1000,1000,183.70382690429688,9.24187183380127
1114,1,1000,1000,183.70384216308594,9.24187183380127
1115,1,1000,1000,183.70382690429688,9.24187183380127
1116,1,1000,1000,183.70384216308594,9.24187183380127
1117,1,1000,1000,183.70382690429688,9.24187183380127
1118,1,1000,1000,183.70384216308594,9.24187183380127
1119,1,1000,1000,183.70382690429688,9.24187183380127
1120,1,1000,1000,183.70384216308594,9.24187183380127
1121,1,1000,1000,183.70382690429688,9.24187183380127
1122,1,1000,1000,183.70384216308594,9.24187183380127
1123,1,1000,1000,183.70382690429688,9.24187183380127
1124,1,1000,1000,183.70384216308594,9.24187183380127
1125,1,1000,1000,183.70382690429688,9.24187183380127
1126,1,1000,1000,183.70382690429688,9.24187183380127
1127,1,1000,1000,183.70384216308594,9.24187183380127
1128,1,1000,1000,183.70382690429688,9.24187183380127
1129,1,1000,1000,183.70384216308594,9.24187183380127
1130,1,1000,1000,183.70382690429688,9.24187183380127
1131,1,1000,1000,183.70382690429688,9.24187183380127
1132,1,1000,1000,183.70384216308594,9.24187183380127
1133,1,1000,1000,183.70382690429688,9.24187183380127
1134,1,1000,1000,183.70384216308594,9.24187183380127
1135,1,1000,1000,183.70382690429688,9.24187183380127
1136,1,1000,1000,183.70382690429688,9.24187183380127
1137,1,1000,1000,183.70384216308594,9.24187183380127
1138,1,1000,1000,183.70382690429688,9.24187183380127
1139,1,1000,1000,183.70382690429688,9.24187183380127
1140,1,1000,1000,183.70384216308594,9.24187183380127
1141,1,1000,1000,183.70382690429688,9.24187183380127
1142,1,1000,1000,183.70384216308594,9.24187183380127
1143,1,1000,1000,183.70382690429688,9.24187183380127
1144,1,1000,1000,183.70382690429688,9.24187183380127
1145,1,1000,1000,183.70384216308594,9.24187183380127
1146,1,1000,1000,183.70382690429688,9.24187183380127
1147,1,1000,1000,183.70382690429688,9.24187183380127
1148,1,1000,1000,183.70384216308594,9.24187183380127
1149,1,1000,1000,183.70382690429688,9.24187183380127
1150,1,1000,1000,183.70384216308594,9.24187183380127
1151,1,1000,1000,183.70382690429688,9.24187183380127
1152,1,1000,1000,183.70382690429688,9.24187183380127
1153,1,1000,1000,183.70384216308594,9.24187183380127
1154,1,1000,1000,183.70382690429688,9.24187183380127
1155,1,1000,1000,183.70384216308594,9.24187183380127
1156,1,1000,1000,183.70382690429688,9.24187183380127
1157,1,1000,1000,183.70382690429688,9.24187183380127
1158,1,1000,1000,183.70384216308594,9.24187183380127
1159,1,1000,1000,183.70382690429688,9.24187183380127
1160,1,1000,1000,183.70384216308594,9.24187183380127
1161,1,1000,1000,183.70382690429688,9.24187183380127
1162,1,1000,1000,183.70384216308594,9.24187183380127
1163,1,1000,1000,183.70382690429688,9.24187183380127
1164,1,1000,1000,183.70382690429688,9.24187183380127
1165,1,1000,1000,183.70382690429688,9.24187183380127
1166,1,1000,1000,183.70384216308594,9.24187183380127
1167,1,1000,1000,183.70382690429688,9.24187183380127
1168,1,1000,1000,183.70382690429688,9.24187183380127
1169,1,1000,1000,183.70382690429688,9.24187183380127
1170,1,1000,1000,183.70384216308594,9.24187183380127
1171,1,1000,1000,183.70384216308594,9.24187183380127
1172,1,1000,1000,183.70382690429688,9.24187183380127
1173,1,1000,1000,183.70382690429688,9.24187183380127
1174,1,1000,1000,183.703857421875,9.24187183380127
1175,1,1000,1000,183.70384216308594,9.24187183380127
1176,1,1000,1000,183.70382690429688,9.24187183380127
1177,1,1000,1000,183.70382690429688,9.24187183380127
1178,1,1000,1000,183.703857421875,9.24187183380127
1179,1,1000,1000,183.70384216308594,9.24187183380127
1180,1,1000,1000,183.70382690429688,9.24187183380127
1181,1,1000,1000,183.70382690429688,9.24187183380127
1182,1,1000,1000,183.703857421875,9.24187183380127
1183,1,1000,1000,183.703857421875,9.24187183380127
1184,1,1000,1000,183.70382690429688,9.24187183380127
1185,1,1000,1000,183.70382690429688,9.24187183380127
