1,1,1000,1000,224.78196716308594,30.0
2,1,1000,1000,230.0751953125,29.975475311279297
3,1,1000,1000,229.46096801757812,29.92667007446289
4,1,1000,1000,228.19725036621094,29.85382843017578
5,1,1000,1000,227.0829315185547,29.757190704345703
6,1,1000,1000,226.00140380859375,29.636993408203125
7,1,1000,1000,224.92335510253906,29.493473052978516
8,1,1000,1000,223.85049438476562,29.326862335205078
9,1,1000,1000,222.78372192382812,29.137393951416016
10,1,1000,1000,221.7230224609375,28.925294876098633
11,1,1000,1000,220.6683349609375,28.690792083740234
12,1,1000,1000,219.61959838867188,28.43410873413086
13,1,1000,1000,218.57681274414062,28.155467987060547
14,1,1000,1000,217.53994750976562,27.85508918762207
15,1,1000,1000,216.50892639160156,27.533187866210938
16,1,1000,1000,215.48374938964844,27.18998146057129
17,1,1000,1000,214.46438598632812,26.825681686401367
18,1,1000,1000,213.45077514648438,26.440500259399414
19,1,1000,1000,212.44293212890625,26.034645080566406
20,1,1000,1000,211.44076538085938,25.60832405090332
21,1,1000,1000,210.44442749023438,25.161741256713867
22,1,1000,1000,209.453857421875,24.695098876953125
23,1,1000,1000,208.468994140625,24.20859718322754
24,1,1000,1000,207.48977661132812,23.702436447143555
25,1,1000,1000,206.51617431640625,23.17681121826172
26,1,1000,1000,205.54812622070312,22.63191795349121
27,1,1000,1000,204.5855712890625,22.067949295043945
28,1,1000,1000,203.62850952148438,21.48509407043457
29,1,1000,1000,202.67689514160156,20.883543014526367
30,1,1000,1000,201.73068237304688,20.26348304748535
31,1,1000,1000,200.78982543945312,19.625097274780273
32,1,1000,1000,199.85430908203125,18.968570709228516
33,1,1000,1000,198.92410278320312,18.294084548950195
34,1,1000,1000,197.99917602539062,17.601818084716797
35,1,1000,1000,197.07949829101562,16.891948699951172
36,1,1000,1000,196.16500854492188,16.164653778076172
37,1,1000,1000,195.25570678710938,15.420106887817383
38,1,1000,1000,194.35157775878906,14.658480644226074
39,1,1000,1000,193.4525604248047,13.879945755004883
40,1,1000,1000,192.55862426757812,13.084671020507812
41,1,1000,1000,191.66976928710938,12.27282428741455
42,1,1000,1000,190.78594970703125,11.444570541381836
43,1,1000,1000,189.90713500976562,10.600074768066406
44,1,1000,1000,189.03329467773438,9.73949909210205
45,1,1000,1000,188.16439819335938,8.863003730773926
46,1,1000,1000,187.76058959960938,8.57837963104248
47,1,1000,1000,187.68887329101562,8.723732948303223
48,1,1000,1000,187.73867797851562,9.02200698852539
49,1,1000,1000,187.7853240966797,9.293238639831543
50,1,1000,1000,187.8275146484375,9.536835670471191
51,1,1000,1000,187.8692626953125,9.753229141235352
52,1,1000,1000,187.91091918945312,9.942789077758789
53,1,1000,1000,187.9523468017578,10.105841636657715
54,1,1000,1000,187.9935302734375,10.24268627166748
55,1,1000,1000,188.03448486328125,10.353606224060059
56,1,1000,1000,188.07521057128906,10.438873291015625
57,1,1000,1000,188.11569213867188,10.498751640319824
58,1,1000,1000,188.15597534179688,10.533499717712402
59,1,1000,1000,188.1959991455078,10.543371200561523
60,1,1000,1000,188.23580932617188,10.528615951538086
61,1,1000,1000,188.275390625,10.489481925964355
62,1,1000,1000,188.31475830078125,10.426213264465332
63,1,1000,1000,188.3538818359375,10.339052200317383
64,1,1000,1000,188.39279174804688,10.22823715209961
65,1,1000,1000,188.43148803710938,10.094005584716797
66,1,1000,1000,188.46995544433594,9.936591148376465
67,1,1000,1000,188.5082244873047,9.7562255859375
68,1,1000,1000,188.5462646484375,9.553138732910156
69,1,1000,1000,188.58407592773438,9.327557563781738
70,1,1000,1000,188.6217041015625,9.079707145690918
71,1,1000,1000,188.63912963867188,9.026087760925293
72,1,1000,1000,188.64224243164062,9.094587326049805
73,1,1000,1000,188.64013671875,9.193734169006348
74,1,1000,1000,188.63812255859375,9.267497062683105
75,1,1000,1000,188.63629150390625,9.315865516662598
76,1,1000,1000,188.63449096679688,9.33914566040039
77,1,1000,1000,188.6326904296875,9.33761978149414
78,1,1000,1000,188.630859375,9.311554908752441
79,1,1000,1000,188.62905883789062,9.261208534240723
80,1,1000,1000,188.62823486328125,9.226972579956055
81,1,1000,1000,188.62808227539062,9.216313362121582
82,1,1000,1000,188.62820434570312,9.222270011901855
83,1,1000,1000,188.62832641601562,9.23389720916748
84,1,1000,1000,188.62840270996094,9.243185997009277
85,1,1000,1000,188.62841796875,9.24718189239502
86,1,1000,1000,188.62840270996094,9.246773719787598
87,1,1000,1000,188.62840270996094,9.244364738464355
88,1,1000,1000,188.62840270996094,9.242045402526855
89,1,1000,1000,188.62840270996094,9.240811347961426
90,1,1000,1000,188.62841796875,9.240670204162598
91,1,1000,1000,188.62841796875,9.241135597229004
92,1,1000,1000,188.62841796875,9.241698265075684
93,1,1000,1000,188.62841796875,9.242055892944336
94,1,1000,1000,188.62841796875,9.24215316772461
95,1,1000,1000,188.62841796875,9.24207592010498
96,1,1000,1000,188.62841796875,9.24194622039795
97,1,1000,1000,188.62841796875,9.24184799194336
98,1,1000,1000,188.62841796875,9.241809844970703
99,1,1000,1000,188.62841796875,9.24181842803955
100,1,1000,1000,188.62841796875,9.241847038269043
101,1,1000,1000,188.62841796875,9.241872787475586
102,1,1000,1000,188.62841796875,9.2418851852417
103,1,1000,1000,188.62841796875,9.241886138916016
104,1,1000,1000,188.62841796875,9.241880416870117
105,1,1000,1000,188.62843322753906,9.241873741149902
106,1,1000,1000,188.62843322753906,9.241869926452637
107,1,1000,1000,188.62843322753906,9.24186897277832
108,1,1000,1000,188.62843322753906,9.241869926452637
109,1,1000,1000,188.62843322753906,9.24187183380127
110,1,1000,1000,188.62844848632812,9.241872787475586
111,1,1000,1000,188.62844848632812,9.241872787475586
112,1,1000,1000,188.62844848632812,9.241872787475586
113,1,1000,1000,188.62844848632812,9.241872787475586
114,1,1000,1000,188.62844848632812,9.241872787475586
115,1,1000,1000,188.62844848632812,9.241872787475586
116,1,1000,1000,188.62844848632812,9.241872787475586
117,1,1000,1000,188.62844848632812,9.241872787475586
118,1,1000,1000,188.62844848632812,9.241872787475586
119,1,1000,1000,188.62844848632812,9.241872787475586
120,1,1000,1000,188.62844848632812,9.241872787475586
121,1,1000,1000,188.62844848632812,9.241872787475586
122,1,1000,1000,188.6284637451172,9.241872787475586
123,1,1000,1000,188.6284637451172,9.241872787475586
124,1,1000,1000,188.62847900390625,9.241872787475586
125,1,1000,1000,188.6284637451172,9.241872787475586
126,1,1000,1000,188.62847900390625,9.241872787475586
127,1,1000,1000,188.62847900390625,9.241872787475586
128,1,1000,1000,188.62844848632812,9.241872787475586
129,1,1000,1000,188.6284637451172,9.241872787475586
130,1,1000,1000,188.62847900390625,9.241872787475586
131,1,1000,1000,188.62847900390625,9.241872787475586
132,1,1000,1000,188.62847900390625,9.241872787475586
133,1,1000,1000,188.62844848632812,9.241872787475586
134,1,1000,1000,188.62847900390625,9.241872787475586
135,1,1000,1000,188.62847900390625,9.241872787475586
136,1,1000,1000,188.6284637451172,9.241872787475586
137,1,1000,1000,188.62847900390625,9.241872787475586
138,1,1000,1000,188.6284637451172,9.241872787475586
139,1,1000,1000,188.62847900390625,9.241872787475586
140,1,1000,1000,188.6284637451172,9.241872787475586
141,1,1000,1000,188.62847900390625,9.241872787475586
142,1,1000,1000,188.6284637451172,9.241872787475586
143,1,1000,1000,188.62847900390625,9.241872787475586
144,1,1000,1000,188.62847900390625,9.241872787475586
145,1,1000,1000,188.62847900390625,9.241872787475586
146,1,1000,1000,188.62847900390625,9.241872787475586
147,1,1000,1000,188.6284942626953,9.241872787475586
148,1,1000,1000,188.62847900390625,9.241872787475586
149,1,1000,1000,188.62847900390625,9.241872787475586
150,1,1000,1000,188.62847900390625,9.241872787475586
151,1,1000,1000,188.62847900390625,9.241872787475586
152,1,1000,1000,188.62847900390625,9.241872787475586
153,1,1000,1000,188.62847900390625,9.241872787475586
154,1,1000,1000,188.62847900390625,9.241872787475586
155,1,1000,1000,188.62847900390625,9.241872787475586
156,1,1000,1000,188.62847900390625,9.241872787475586
157,1,1000,1000,188.62847900390625,9.241872787475586
158,1,1000,1000,188.62847900390625,9.241872787475586
159,1,1000,1000,188.62847900390625,9.241872787475586
160,1,1000,1000,188.62847900390625,9.241872787475586
161,1,1000,1000,188.62847900390625,9.241872787475586
162,1,1000,1000,188.6284942626953,9.241872787475586
163,1,1000,1000,188.62847900390625,9.241872787475586
164,1,1000,1000,188.62847900390625,9.241872787475586
165,1,1000,1000,188.62847900390625,9.241872787475586
166,1,1000,1000,188.62847900390625,9.241872787475586
167,1,1000,1000,188.6284942626953,9.241872787475586
168,1,1000,1000,188.6284942626953,9.241872787475586
169,1,1000,1000,188.62850952148438,9.241872787475586
170,1,1000,1000,188.62850952148438,9.241872787475586
171,1,1000,1000,188.62850952148438,9.241872787475586
172,1,1000,1000,188.62850952148438,9.241872787475586
173,1,1000,1000,188.62850952148438,9.241872787475586
174,1,1000,1000,188.62850952148438,9.241872787475586
175,1,1000,1000,188.62850952148438,9.241872787475586
176,1,1000,1000,188.62850952148438,9.241872787475586
177,1,1000,1000,188.62850952148438,9.241872787475586
178,1,1000,1000,188.62850952148438,9.241872787475586
179,1,1000,1000,188.62850952148438,9.241872787475586
180,1,1000,1000,188.62850952148438,9.241872787475586
181,1,1000,1000,188.62850952148438,9.241872787475586
182,1,1000,1000,188.62850952148438,9.241872787475586
183,1,1000,1000,188.62850952148438,9.241872787475586
184,1,1000,1000,188.62850952148438,9.241872787475586
185,1,1000,1000,188.62850952148438,9.241872787475586
186,1,1000,1000,188.62850952148438,9.241872787475586
187,1,1000,1000,188.62850952148438,9.241872787475586
188,1,1000,1000,188.62852478027344,9.241872787475586
189,1,1000,1000,188.62852478027344,9.241872787475586
190,1,1000,1000,188.62850952148438,9.241872787475586
191,1,1000,1000,188.62852478027344,9.241872787475586
192,1,1000,1000,188.62852478027344,9.241872787475586
193,1,1000,1000,188.62852478027344,9.241872787475586
194,1,1000,1000,188.62852478027344,9.241872787475586
195,1,1000,1000,188.62852478027344,9.241872787475586
196,1,1000,1000,188.62852478027344,9.241872787475586
197,1,1000,1000,188.6285400390625,9.241872787475586
198,1,1000,1000,188.6285400390625,9.241872787475586
199,1,1000,1000,188.6285400390625,9.241872787475586
200,1,1000,1000,188.6285400390625,9.241872787475586
201,1,1000,1000,188.6285400390625,9.241872787475586
202,1,1000,1000,188.6285400390625,9.241872787475586
203,1,1000,1000,188.6285400390625,9.241872787475586
204,1,1000,1000,188.6285400390625,9.241872787475586
205,1,1000,1000,188.62855529785156,9.241872787475586
206,1,1000,1000,188.62855529785156,9.241872787475586
207,1,1000,1000,188.62855529785156,9.241872787475586
208,1,1000,1000,188.62855529785156,9.241872787475586
209,1,1000,1000,188.62857055664062,9.241872787475586
210,1,1000,1000,188.62857055664062,9.241872787475586
211,1,1000,1000,188.62857055664062,9.241872787475586
212,1,1000,1000,188.62857055664062,9.241872787475586
213,1,1000,1000,188.62857055664062,9.241872787475586
214,1,1000,1000,188.62857055664062,9.241872787475586
215,1,1000,1000,188.6285858154297,9.241872787475586
216,1,1000,1000,188.6285858154297,9.241872787475586
217,1,1000,1000,188.6285858154297,9.241872787475586
218,1,1000,1000,188.6285858154297,9.241872787475586
219,1,1000,1000,188.6285858154297,9.241872787475586
220,1,1000,1000,188.6285858154297,9.241872787475586
221,1,1000,1000,188.6285858154297,9.241872787475586
222,1,1000,1000,188.6285858154297,9.241872787475586
223,1,1000,1000,188.6285858154297,9.241872787475586
224,1,1000,1000,188.6285858154297,9.241872787475586
225,1,1000,1000,188.62860107421875,9.241872787475586
226,1,1000,1000,188.62860107421875,9.241872787475586
227,1,1000,1000,188.62860107421875,9.241872787475586
228,1,1000,1000,188.62860107421875,9.241872787475586
229,1,1000,1000,188.62860107421875,9.241872787475586
230,1,1000,1000,188.62860107421875,9.241872787475586
231,1,1000,1000,188.62860107421875,9.241872787475586
232,1,1000,1000,188.62860107421875,9.241872787475586
233,1,1000,1000,188.62860107421875,9.241872787475586
234,1,1000,1000,188.62860107421875,9.241872787475586
235,1,1000,1000,188.62892150878906,9.241872787475586
236,1,1000,1000,188.62890625,9.241872787475586
237,1,1000,1000,188.6287841796875,9.241872787475586
238,1,1000,1000,188.62867736816406,9.241872787475586
239,1,1000,1000,188.62863159179688,9.241872787475586
240,1,1000,1000,188.62860107421875,9.241872787475586
241,1,1000,1000,188.62863159179688,9.241872787475586
242,1,1000,1000,188.6286163330078,9.241872787475586
243,1,1000,1000,188.6286163330078,9.241872787475586
244,1,1000,1000,188.62863159179688,9.241872787475586
245,1,1000,1000,188.62863159179688,9.241872787475586
246,1,1000,1000,188.62863159179688,9.241872787475586
247,1,1000,1000,188.62864685058594,9.241872787475586
248,1,1000,1000,188.628662109375,9.241872787475586
249,1,1000,1000,188.62864685058594,9.241872787475586
250,1,1000,1000,188.628662109375,9.241872787475586
251,1,1000,1000,188.628662109375,9.241872787475586
252,1,1000,1000,188.628662109375,9.241872787475586
253,1,1000,1000,188.628662109375,9.241872787475586
254,1,1000,1000,188.62896728515625,9.241872787475586
255,1,1000,1000,188.62896728515625,9.241872787475586
256,1,1000,1000,188.62901306152344,9.241872787475586
257,1,1000,1000,188.62899780273438,9.241872787475586
258,1,1000,1000,188.6289520263672,9.241872787475586
259,1,1000,1000,188.62892150878906,9.241872787475586
260,1,1000,1000,188.62890625,9.241872787475586
261,1,1000,1000,188.62890625,9.241872787475586
262,1,1000,1000,188.62890625,9.241872787475586
263,1,1000,1000,188.62890625,9.241872787475586
264,1,1000,1000,188.62890625,9.241872787475586
265,1,1000,1000,188.62890625,9.241872787475586
266,1,1000,1000,188.62890625,9.241872787475586
267,1,1000,1000,188.62890625,9.241872787475586
268,1,1000,1000,188.62890625,9.241872787475586
269,1,1000,1000,188.62890625,9.241872787475586
270,1,1000,1000,188.62890625,9.241872787475586
271,1,1000,1000,188.62890625,9.241872787475586
272,1,1000,1000,188.62890625,9.241872787475586
273,1,1000,1000,188.62890625,9.241872787475586
274,1,1000,1000,188.62890625,9.241872787475586
275,1,1000,1000,188.62890625,9.241872787475586
276,1,1000,1000,188.62890625,9.241872787475586
277,1,1000,1000,188.62890625,9.241872787475586
278,1,1000,1000,188.62890625,9.241872787475586
279,1,1000,1000,188.62890625,9.241872787475586
280,1,1000,1000,188.62890625,9.241872787475586
281,1,1000,1000,188.6289825439453,9.241872787475586
282,1,1000,1000,188.62860107421875,9.241872787475586
283,1,1000,1000,188.62850952148438,9.241872787475586
284,1,1000,1000,188.6285400390625,9.241872787475586
285,1,1000,1000,188.62857055664062,9.241872787475586
286,1,1000,1000,188.62860107421875,9.241872787475586
287,1,1000,1000,188.62860107421875,9.241872787475586
288,1,1000,1000,188.62860107421875,9.241872787475586
289,1,1000,1000,188.62860107421875,9.241872787475586
290,1,1000,1000,188.6285858154297,9.241872787475586
291,1,1000,1000,188.6285858154297,9.241872787475586
292,1,1000,1000,188.6285858154297,9.241872787475586
293,1,1000,1000,188.6285858154297,9.241872787475586
294,1,1000,1000,188.6285858154297,9.241872787475586
295,1,1000,1000,188.6285858154297,9.241872787475586
296,1,1000,1000,188.6285858154297,9.241872787475586
297,1,1000,1000,188.6285858154297,9.241872787475586
298,1,1000,1000,188.6285858154297,9.241872787475586
299,1,1000,1000,188.6285858154297,9.241872787475586
300,1,1000,1000,188.6285858154297,9.241872787475586
301,1,1000,1000,188.6285858154297,9.241872787475586
302,1,1000,1000,188.6285858154297,9.241872787475586
303,1,1000,1000,188.6285858154297,9.241872787475586
304,1,1000,1000,188.6285858154297,9.241872787475586
305,1,1000,1000,188.6285858154297,9.241872787475586
306,1,1000,1000,188.6285858154297,9.241872787475586
307,1,1000,1000,188.6285858154297,9.241872787475586
308,1,1000,1000,188.6285858154297,9.241872787475586
309,1,1000,1000,188.6285858154297,9.241872787475586
310,1,1000,1000,188.6285858154297,9.241872787475586
311,1,1000,1000,188.6285858154297,9.241872787475586
312,1,1000,1000,188.6285858154297,9.241872787475586
313,1,1000,1000,188.6285858154297,9.241872787475586
314,1,1000,1000,188.6285858154297,9.241872787475586
315,1,1000,1000,188.6285858154297,9.241872787475586
316,1,1000,1000,188.6285858154297,9.241872787475586
317,1,1000,1000,188.6285858154297,9.241872787475586
318,1,1000,1000,188.6285858154297,9.241872787475586
319,1,1000,1000,188.6285858154297,9.241872787475586
320,1,1000,1000,188.6285858154297,9.241872787475586
321,1,1000,1000,188.6285858154297,9.241872787475586
322,1,1000,1000,188.6285858154297,9.241872787475586
323,1,1000,1000,188.6285858154297,9.241872787475586
324,1,1000,1000,188.6285858154297,9.241872787475586
325,1,1000,1000,188.6285858154297,9.241872787475586
326,1,1000,1000,188.6285858154297,9.241872787475586
327,1,1000,1000,188.6285858154297,9.241872787475586
328,1,1000,1000,188.6285858154297,9.241872787475586
329,1,1000,1000,188.6285858154297,9.241872787475586
330,1,1000,1000,188.6285858154297,9.241872787475586
331,1,1000,1000,188.6285858154297,9.241872787475586
332,1,1000,1000,188.6285858154297,9.241872787475586
333,1,1000,1000,188.6285858154297,9.241872787475586
334,1,1000,1000,188.6285858154297,9.241872787475586
335,1,1000,1000,188.6285858154297,9.241872787475586
336,1,1000,1000,188.6285858154297,9.241872787475586
337,1,1000,1000,188.6313018798828,9.241872787475586
338,1,1000,1000,188.63572692871094,9.241872787475586
339,1,1000,1000,188.6407470703125,9.241872787475586
340,1,1000,1000,188.64590454101562,9.241872787475586
341,1,1000,1000,188.65115356445312,9.241872787475586
342,1,1000,1000,188.65655517578125,9.241872787475586
343,1,1000,1000,188.6621551513672,9.241872787475586
344,1,1000,1000,188.66790771484375,9.241872787475586
345,1,1000,1000,188.673828125,9.241872787475586
346,1,1000,1000,188.6798095703125,9.241872787475586
347,1,1000,1000,188.68582153320312,9.241872787475586
348,1,1000,1000,188.69189453125,9.241872787475586
349,1,1000,1000,188.69793701171875,9.241872787475586
350,1,1000,1000,188.7039794921875,9.241872787475586
351,1,1000,1000,188.71002197265625,9.241872787475586
352,1,1000,1000,188.71603393554688,9.241872787475586
353,1,1000,1000,188.72206115722656,9.241872787475586
354,1,1000,1000,188.72805786132812,9.241872787475586
355,1,1000,1000,188.73406982421875,9.241872787475586
356,1,1000,1000,188.7400665283203,9.241872787475586
357,1,1000,1000,188.7433624267578,9.241872787475586
358,1,1000,1000,188.74493408203125,9.241872787475586
359,1,1000,1000,188.7459259033203,9.241872787475586
360,1,1000,1000,188.74679565429688,9.241872787475586
361,1,1000,1000,188.74755859375,9.241872787475586
362,1,1000,1000,188.7481689453125,9.241872787475586
363,1,1000,1000,188.74588012695312,9.241872787475586
364,1,1000,1000,188.74169921875,9.241872787475586
365,1,1000,1000,188.73678588867188,9.241872787475586
366,1,1000,1000,188.73165893554688,9.241872787475586
367,1,1000,1000,188.72640991210938,9.241872787475586
368,1,1000,1000,188.72097778320312,9.241872787475586
369,1,1000,1000,188.71533203125,9.241872787475586
370,1,1000,1000,188.70681762695312,9.241872787475586
371,1,1000,1000,188.69644165039062,9.241872787475586
372,1,1000,1000,188.6854248046875,9.241872787475586
373,1,1000,1000,188.67422485351562,9.241872787475586
374,1,1000,1000,188.66293334960938,9.241872787475586
375,1,1000,1000,188.56723022460938,9.241872787475586
376,1,1000,1000,188.4016571044922,9.241867065429688
377,1,1000,1000,188.19113159179688,9.241857528686523
378,1,1000,1000,187.94638061523438,9.241848945617676
379,1,1000,1000,187.66763305664062,9.241844177246094
380,1,1000,1000,187.35226440429688,9.241843223571777
381,1,1000,1000,186.9874267578125,9.241843223571777
382,1,1000,1000,186.57022094726562,9.241844177246094
383,1,1000,1000,186.1024169921875,9.241846084594727
384,1,1000,1000,185.58694458007812,9.241849899291992
385,1,1000,1000,185.0267333984375,9.24184799194336
386,1,1000,1000,184.42489624023438,9.241843223571777
387,1,1000,1000,183.7815399169922,9.241842269897461
388,1,1000,1000,183.09811401367188,9.241839408874512
389,1,1000,1000,182.3770751953125,9.241840362548828
390,1,1000,1000,181.62045288085938,9.241839408874512
391,1,1000,1000,180.83023071289062,9.241842269897461
392,1,1000,1000,180.00830078125,9.24184513092041
393,1,1000,1000,179.1563720703125,9.241843223571777
394,1,1000,1000,178.27676391601562,9.241842269897461
395,1,1000,1000,177.3712615966797,9.241842269897461
396,1,1000,1000,176.44180297851562,9.241840362548828
397,1,1000,1000,175.49090576171875,9.241835594177246
398,1,1000,1000,174.51654052734375,9.241840362548828
399,1,1000,1000,173.5150604248047,9.241844177246094
400,1,1000,1000,172.48350524902344,9.24184799194336
401,1,1000,1000,171.420654296875,9.24184799194336
402,1,1000,1000,170.3263397216797,9.241840362548828
403,1,1000,1000,169.20094299316406,9.241839408874512
404,1,1000,1000,168.04510498046875,9.241833686828613
405,1,1000,1000,166.85931396484375,9.241828918457031
406,1,1000,1000,165.64410400390625,9.241825103759766
407,1,1000,1000,164.3997802734375,9.241826057434082
408,1,1000,1000,163.12686157226562,9.241827964782715
409,1,1000,1000,161.82562255859375,9.241829872131348
410,1,1000,1000,160.4964599609375,9.241827964782715
411,1,1000,1000,159.13980102539062,9.241830825805664
412,1,1000,1000,157.75611877441406,9.241826057434082
413,1,1000,1000,156.3457794189453,9.241822242736816
414,1,1000,1000,154.90914916992188,9.24182415008545
415,1,1000,1000,153.4466552734375,9.241820335388184
416,1,1000,1000,151.95855712890625,9.24181842803955
417,1,1000,1000,150.4439697265625,9.241811752319336
418,1,1000,1000,148.90084838867188,9.241808891296387
419,1,1000,1000,147.329345703125,9.241801261901855
420,1,1000,1000,145.72962951660156,9.241802215576172
421,1,1000,1000,144.1099853515625,9.241801261901855
422,1,1000,1000,142.47740173339844,9.241805076599121
423,1,1000,1000,140.82781982421875,9.24180793762207
424,1,1000,1000,139.15768432617188,9.241811752319336
425,1,1000,1000,137.46580505371094,9.241812705993652
426,1,1000,1000,135.7523651123047,9.241809844970703
427,1,1000,1000,134.01661682128906,9.241799354553223
428,1,1000,1000,132.25711059570312,9.241801261901855
429,1,1000,1000,130.47311401367188,9.241800308227539
430,1,1000,1000,128.87709045410156,9.241806030273438
431,1,1000,1000,127.41326904296875,9.241827011108398
432,1,1000,1000,126.01982116699219,9.24184799194336
433,1,1000,1000,124.67240905761719,9.241854667663574
434,1,1000,1000,123.36335754394531,9.241862297058105
435,1,1000,1000,122.08946228027344,9.241862297058105
436,1,1000,1000,120.76106262207031,9.24184799194336
437,1,1000,1000,119.41926574707031,9.241827964782715
438,1,1000,1000,118.11363220214844,9.241806030273438
439,1,1000,1000,116.87081909179688,9.241798400878906
440,1,1000,1000,115.700439453125,9.241798400878906
441,1,1000,1000,114.60249328613281,9.241806030273438
442,1,1000,1000,113.57319641113281,9.241815567016602
443,1,1000,1000,112.60845947265625,9.241825103759766
444,1,1000,1000,111.70590209960938,9.241826057434082
445,1,1000,1000,110.86331176757812,9.241826057434082
446,1,1000,1000,110.07861328125,9.24182415008545
447,1,1000,1000,109.35710144042969,9.241822242736816
448,1,1000,1000,108.70330810546875,9.241826057434082
449,1,1000,1000,108.11534118652344,9.241828918457031
450,1,1000,1000,107.58964538574219,9.241829872131348
451,1,1000,1000,107.12370300292969,9.241830825805664
452,1,1000,1000,106.71624755859375,9.241829872131348
453,1,1000,1000,106.36686706542969,9.241830825805664
454,1,1000,1000,106.07518005371094,9.241830825805664
455,1,1000,1000,105.84080505371094,9.24183177947998
456,1,1000,1000,105.66349792480469,9.24183177947998
457,1,1000,1000,105.54330444335938,9.241832733154297
458,1,1000,1000,105.47966003417969,9.241833686828613
459,1,1000,1000,105.47140502929688,9.24183464050293
460,1,1000,1000,105.51692199707031,9.241835594177246
461,1,1000,1000,105.61459350585938,9.241837501525879
462,1,1000,1000,105.76263427734375,9.241839408874512
463,1,1000,1000,105.95924377441406,9.241840362548828
464,1,1000,1000,106.20266723632812,9.241841316223145
465,1,1000,1000,106.49111938476562,9.241842269897461
466,1,1000,1000,106.822998046875,9.241844177246094
467,1,1000,1000,107.19651794433594,9.241846084594727
468,1,1000,1000,107.60908508300781,9.24184799194336
469,1,1000,1000,108.05946350097656,9.241848945617676
470,1,1000,1000,108.3848876953125,9.241877555847168
471,1,1000,1000,108.61239624023438,9.24189281463623
472,1,1000,1000,108.78237915039062,9.241886138916016
473,1,1000,1000,108.91407775878906,9.241866111755371
474,1,1000,1000,109.01025390625,9.24184513092041
475,1,1000,1000,109.0577392578125,9.241833686828613
476,1,1000,1000,109.0770263671875,9.241836547851562
477,1,1000,1000,109.08547973632812,9.241848945617676
478,1,1000,1000,109.08937072753906,9.241863250732422
479,1,1000,1000,109.02037048339844,9.24186897277832
480,1,1000,1000,108.88125610351562,9.241864204406738
481,1,1000,1000,108.68898010253906,9.241854667663574
482,1,1000,1000,108.45419311523438,9.24184799194336
483,1,1000,1000,108.18037414550781,9.241843223571777
484,1,1000,1000,107.86734008789062,9.241842269897461
485,1,1000,1000,107.51545715332031,9.24184513092041
486,1,1000,1000,107.12229919433594,9.241847038269043
487,1,1000,1000,106.68595886230469,9.241848945617676
488,1,1000,1000,106.20661926269531,9.241849899291992
489,1,1000,1000,105.68623352050781,9.241848945617676
490,1,1000,1000,105.12725830078125,9.241848945617676
491,1,1000,1000,104.53193664550781,9.24184513092041
492,1,1000,1000,103.90243530273438,9.241843223571777
493,1,1000,1000,103.24041748046875,9.241843223571777
494,1,1000,1000,102.54736328125,9.241847038269043
495,1,1000,1000,101.82289123535156,9.241846084594727
496,1,1000,1000,101.06575012207031,9.241844177246094
497,1,1000,1000,100.27491760253906,9.241842269897461
498,1,1000,1000,99.45002746582031,9.241843223571777
499,1,1000,1000,98.5911865234375,9.241839408874512
500,1,1000,1000,97.69879150390625,9.241837501525879
501,1,1000,1000,96.77334594726562,9.241838455200195
502,1,1000,1000,95.81523132324219,9.241841316223145
503,1,1000,1000,94.82487487792969,9.241837501525879
504,1,1000,1000,93.80967712402344,9.241836547851562
505,1,1000,1000,92.780517578125,9.241839408874512
506,1,1000,1000,91.74351501464844,9.24184513092041
507,1,1000,1000,90.70054626464844,9.241848945617676
508,1,1000,1000,89.65159606933594,9.241853713989258
509,1,1000,1000,88.58871459960938,9.241854667663574
510,1,1000,1000,87.50595092773438,9.241849899291992
511,1,1000,1000,86.40261840820312,9.241849899291992
512,1,1000,1000,85.28041076660156,9.241856575012207
513,1,1000,1000,84.14100646972656,9.241865158081055
514,1,1000,1000,82.98516845703125,9.241861343383789
515,1,1000,1000,81.8128662109375,9.241854667663574
516,1,1000,1000,80.62350463867188,9.241851806640625
517,1,1000,1000,79.4163818359375,9.24184513092041
518,1,1000,1000,78.19070434570312,9.241836547851562
519,1,1000,1000,76.94577026367188,9.241838455200195
520,1,1000,1000,75.6810302734375,9.241846084594727
521,1,1000,1000,74.39596557617188,9.241848945617676
522,1,1000,1000,73.08993530273438,9.241850852966309
523,1,1000,1000,71.76544189453125,9.241848945617676
524,1,1000,1000,70.42726135253906,9.241850852966309
525,1,1000,1000,69.07806396484375,9.241849899291992
526,1,1000,1000,67.72412109375,9.241842269897461
527,1,1000,1000,66.37228393554688,9.241835594177246
528,1,1000,1000,65.02557373046875,9.241838455200195
529,1,1000,1000,63.684173583984375,9.241848945617676
530,1,1000,1000,62.34767150878906,9.24184799194336
531,1,1000,1000,61.015655517578125,9.24184799194336
532,1,1000,1000,59.6881103515625,9.241846084594727
533,1,1000,1000,58.36517333984375,9.241854667663574
534,1,1000,1000,57.04701232910156,9.24185848236084
535,1,1000,1000,55.73381042480469,9.24185848236084
536,1,1000,1000,54.42561340332031,9.241853713989258
537,1,1000,1000,53.122528076171875,9.241849899291992
538,1,1000,1000,51.824554443359375,9.241848945617676
539,1,1000,1000,50.5316162109375,9.241857528686523
540,1,1000,1000,49.243743896484375,9.241861343383789
541,1,1000,1000,47.960845947265625,9.241861343383789
542,1,1000,1000,46.68287658691406,9.241857528686523
543,1,1000,1000,45.40977478027344,9.241851806640625
544,1,1000,1000,44.14141845703125,9.241852760314941
545,1,1000,1000,42.87774658203125,9.241854667663574
546,1,1000,1000,41.61869812011719,9.241852760314941
547,1,1000,1000,40.36415100097656,9.241856575012207
548,1,1000,1000,39.114044189453125,9.241862297058105
549,1,1000,1000,37.86827087402344,9.241861343383789
550,1,1000,1000,36.62677764892578,9.241859436035156
551,1,1000,1000,35.389366149902344,9.241861343383789
552,1,1000,1000,34.156005859375,9.241863250732422
553,1,1000,1000,32.927215576171875,9.241868019104004
554,1,1000,1000,31.70391845703125,9.241870880126953
555,1,1000,1000,30.485137939453125,9.241863250732422
556,1,1000,1000,29.3077392578125,9.241856575012207
557,1,1000,1000,28.188156127929688,9.241850852966309
558,1,1000,1000,27.129913330078125,9.241838455200195
559,1,1000,1000,26.13304901123047,9.241828918457031
560,1,1000,1000,25.197959899902344,9.2418212890625
561,1,1000,1000,24.32537078857422,9.24181842803955
562,1,1000,1000,23.515548706054688,9.241822242736816
563,1,1000,1000,22.768218994140625,9.24182415008545
564,1,1000,1000,22.082069396972656,9.241823196411133
565,1,1000,1000,21.454856872558594,9.24182415008545
566,1,1000,1000,20.890159606933594,9.241826057434082
567,1,1000,1000,20.390487670898438,9.241828918457031
568,1,1000,1000,19.95410919189453,9.241829872131348
569,1,1000,1000,19.57825469970703,9.241829872131348
570,1,1000,1000,19.26092529296875,9.241828918457031
571,1,1000,1000,19.00103759765625,9.241829872131348
572,1,1000,1000,18.79827117919922,9.24183177947998
573,1,1000,1000,18.652992248535156,9.24183177947998
574,1,1000,1000,18.564987182617188,9.241832733154297
575,1,1000,1000,18.533187866210938,9.241833686828613
576,1,1000,1000,18.556106567382812,9.241835594177246
577,1,1000,1000,18.63201141357422,9.241837501525879
578,1,1000,1000,18.758995056152344,9.241839408874512
579,1,1000,1000,18.93524932861328,9.241840362548828
580,1,1000,1000,19.15900421142578,9.241843223571777
581,1,1000,1000,19.428512573242188,9.241846084594727
582,1,1000,1000,19.742080688476562,9.241847038269043
583,1,1000,1000,20.098175048828125,9.241846084594727
584,1,1000,1000,20.49439239501953,9.241847038269043
585,1,1000,1000,20.92894744873047,9.241847038269043
586,1,1000,1000,21.400833129882812,9.241847038269043
587,1,1000,1000,21.90924072265625,9.241849899291992
588,1,1000,1000,22.453643798828125,9.241851806640625
589,1,1000,1000,23.033653259277344,9.241853713989258
590,1,1000,1000,23.648963928222656,9.241853713989258
591,1,1000,1000,24.299339294433594,9.241852760314941
592,1,1000,1000,24.984542846679688,9.241848945617676
593,1,1000,1000,25.704360961914062,9.24184799194336
594,1,1000,1000,26.458526611328125,9.24184799194336
595,1,1000,1000,27.246810913085938,9.241847038269043
596,1,1000,1000,28.06891632080078,9.24184513092041
597,1,1000,1000,28.924522399902344,9.241847038269043
598,1,1000,1000,29.81329345703125,9.241851806640625
599,1,1000,1000,30.734901428222656,9.241851806640625
600,1,1000,1000,31.688941955566406,9.241853713989258
601,1,1000,1000,32.67510223388672,9.241850852966309
602,1,1000,1000,33.69300842285156,9.241843223571777
603,1,1000,1000,34.74230194091797,9.241842269897461
604,1,1000,1000,35.82261657714844,9.241844177246094
605,1,1000,1000,36.933570861816406,9.241842269897461
606,1,1000,1000,37.929443359375,9.241873741149902
607,1,1000,1000,38.85871887207031,9.241891860961914
608,1,1000,1000,39.744293212890625,9.241881370544434
609,1,1000,1000,40.573699951171875,9.241859436035156
610,1,1000,1000,41.331512451171875,9.241838455200195
611,1,1000,1000,42.01129150390625,9.24182415008545
612,1,1000,1000,42.61509704589844,9.241819381713867
613,1,1000,1000,43.14857482910156,9.241822242736816
614,1,1000,1000,43.61717224121094,9.241826057434082
615,1,1000,1000,44.02500915527344,9.241829872131348
616,1,1000,1000,44.37434387207031,9.24183177947998
617,1,1000,1000,44.6663818359375,9.241832733154297
618,1,1000,1000,44.90184020996094,9.241832733154297
619,1,1000,1000,45.08119201660156,9.241832733154297
620,1,1000,1000,45.20457458496094,9.241832733154297
621,1,1000,1000,45.26899719238281,9.241833686828613
622,1,1000,1000,45.287261962890625,9.241837501525879
623,1,1000,1000,45.28627014160156,9.241846084594727
624,1,1000,1000,45.27955627441406,9.241857528686523
625,1,1000,1000,45.27003479003906,9.241868019104004
626,1,1000,1000,45.25700378417969,9.241873741149902
627,1,1000,1000,45.23991394042969,9.241875648498535
628,1,1000,1000,45.21931457519531,9.241874694824219
629,1,1000,1000,45.19633483886719,9.241872787475586
630,1,1000,1000,45.17204284667969,9.24187183380127
631,1,1000,1000,45.14723205566406,9.241870880126953
632,1,1000,1000,45.122344970703125,9.241870880126953
633,1,1000,1000,45.09761047363281,9.241870880126953
634,1,1000,1000,45.07305908203125,9.24187183380127
635,1,1000,1000,45.04869079589844,9.241872787475586
636,1,1000,1000,45.024444580078125,9.241872787475586
637,1,1000,1000,45.000335693359375,9.241872787475586
638,1,1000,1000,44.97621154785156,9.241872787475586
639,1,1000,1000,44.95216369628906,9.241872787475586
640,1,1000,1000,44.92808532714844,9.241872787475586
641,1,1000,1000,44.904052734375,9.241872787475586
642,1,1000,1000,44.87995910644531,9.241872787475586
643,1,1000,1000,44.85589599609375,9.241872787475586
644,1,1000,1000,44.83184814453125,9.241872787475586
645,1,1000,1000,44.80780029296875,9.241872787475586
646,1,1000,1000,44.78373718261719,9.241872787475586
647,1,1000,1000,44.75968933105469,9.241872787475586
648,1,1000,1000,44.73561096191406,9.241872787475586
649,1,1000,1000,44.711578369140625,9.241872787475586
650,1,1000,1000,44.68748474121094,9.241872787475586
651,1,1000,1000,44.6634521484375,9.241872787475586
652,1,1000,1000,44.63938903808594,9.241872787475586
653,1,1000,1000,44.615325927734375,9.241872787475586
654,1,1000,1000,44.59124755859375,9.241872787475586
655,1,1000,1000,44.56719970703125,9.241872787475586
656,1,1000,1000,44.54315185546875,9.241872787475586
657,1,1000,1000,44.51908874511719,9.241872787475586
658,1,1000,1000,44.495025634765625,9.241872787475586
659,1,1000,1000,44.470977783203125,9.241872787475586
660,1,1000,1000,44.44691467285156,9.241872787475586
661,1,1000,1000,44.4228515625,9.241872787475586
662,1,1000,1000,44.3988037109375,9.241872787475586
663,1,1000,1000,44.374755859375,9.241872787475586
664,1,1000,1000,44.35066223144531,9.241872787475586
665,1,1000,1000,44.32664489746094,9.241872787475586
666,1,1000,1000,44.29986572265625,9.241872787475586
667,1,1000,1000,44.27137756347656,9.241872787475586
668,1,1000,1000,44.24229431152344,9.241872787475586
669,1,1000,1000,44.213134765625,9.241872787475586
670,1,1000,1000,44.183868408203125,9.241872787475586
671,1,1000,1000,44.154510498046875,9.241872787475586
672,1,1000,1000,44.1221923828125,9.241872787475586
673,1,1000,1000,44.087982177734375,9.241872787475586
674,1,1000,1000,44.053070068359375,9.241872787475586
675,1,1000,1000,44.01789855957031,9.241872787475586
676,1,1000,1000,43.98260498046875,9.241872787475586
677,1,1000,1000,43.947174072265625,9.241872787475586
678,1,1000,1000,43.911529541015625,9.241872787475586
679,1,1000,1000,43.87571716308594,9.241872787475586
680,1,1000,1000,43.83976745605469,9.241872787475586
681,1,1000,1000,43.80375671386719,9.241872787475586
682,1,1000,1000,43.767730712890625,9.241872787475586
683,1,1000,1000,43.731658935546875,9.24187183380127
684,1,1000,1000,43.69561767578125,9.24187183380127
685,1,1000,1000,43.65959167480469,9.24187183380127
686,1,1000,1000,43.62358093261719,9.24187183380127
687,1,1000,1000,43.58753967285156,9.24187183380127
688,1,1000,1000,43.551513671875,9.24187183380127
689,1,1000,1000,43.5155029296875,9.24187183380127
690,1,1000,1000,43.4794921875,9.24187183380127
691,1,1000,1000,43.4434814453125,9.24187183380127
692,1,1000,1000,43.40473937988281,9.24187183380127
693,1,1000,1000,43.36427307128906,9.24187183380127
694,1,1000,1000,43.3232421875,9.24187183380127
695,1,1000,1000,43.28205871582031,9.24187183380127
696,1,1000,1000,43.24078369140625,9.24187183380127
697,1,1000,1000,43.19940185546875,9.24187183380127
698,1,1000,1000,43.15507507324219,9.24187183380127
699,1,1000,1000,43.10882568359375,9.24187183380127
700,1,1000,1000,43.06190490722656,9.24187183380127
701,1,1000,1000,43.01478576660156,9.24187183380127
702,1,1000,1000,42.967529296875,9.24187183380127
703,1,1000,1000,42.92008972167969,9.24187183380127
704,1,1000,1000,42.87242126464844,9.24187183380127
705,1,1000,1000,42.8218994140625,9.24187183380127
706,1,1000,1000,42.76953125,9.24187183380127
707,1,1000,1000,42.71649169921875,9.24187183380127
708,1,1000,1000,42.663330078125,9.24187183380127
709,1,1000,1000,42.610015869140625,9.24187183380127
710,1,1000,1000,42.553863525390625,9.24187183380127
711,1,1000,1000,42.495819091796875,9.24187183380127
712,1,1000,1000,42.436981201171875,9.24187183380127
713,1,1000,1000,42.377899169921875,9.24187183380127
714,1,1000,1000,42.31866455078125,9.24187183380127
715,1,1000,1000,42.25921630859375,9.24187183380127
716,1,1000,1000,42.196868896484375,9.24187183380127
717,1,1000,1000,42.13262939453125,9.24187183380127
718,1,1000,1000,42.06764221191406,9.24187183380127
719,1,1000,1000,42.002471923828125,9.24187183380127
720,1,1000,1000,41.93719482421875,9.24187183380127
721,1,1000,1000,41.8690185546875,9.24187183380127
722,1,1000,1000,41.79896545410156,9.241872787475586
723,1,1000,1000,41.728118896484375,9.241872787475586
724,1,1000,1000,41.65702819824219,9.241872787475586
725,1,1000,1000,41.58575439453125,9.241872787475586
726,1,1000,1000,41.5142822265625,9.24187183380127
727,1,1000,1000,41.43989562988281,9.24187183380127
728,1,1000,1000,41.36363220214844,9.24187183380127
729,1,1000,1000,41.286651611328125,9.24187183380127
730,1,1000,1000,41.20945739746094,9.24187183380127
731,1,1000,1000,41.13215637207031,9.24187183380127
732,1,1000,1000,41.054718017578125,9.24187183380127
733,1,1000,1000,40.97705078125,9.24187183380127
734,1,1000,1000,40.89918518066406,9.24187183380127
735,1,1000,1000,40.82122802734375,9.24187183380127
736,1,1000,1000,40.74317932128906,9.24187183380127
737,1,1000,1000,40.66511535644531,9.24187183380127
738,1,1000,1000,40.58705139160156,9.241872787475586
739,1,1000,1000,40.50628662109375,9.241872787475586
740,1,1000,1000,40.42378234863281,9.241872787475586
741,1,1000,1000,40.34071350097656,9.241872787475586
742,1,1000,1000,40.25750732421875,9.24187183380127
743,1,1000,1000,40.17424011230469,9.24187183380127
744,1,1000,1000,40.088104248046875,9.24187183380127
745,1,1000,1000,40.00006103515625,9.24187183380127
746,1,1000,1000,39.911224365234375,9.24187183380127
747,1,1000,1000,39.822113037109375,9.241872787475586
748,1,1000,1000,39.732879638671875,9.241872787475586
749,1,1000,1000,39.64341735839844,9.241872787475586
750,1,1000,1000,39.551025390625,9.24187183380127
751,1,1000,1000,39.456787109375,9.241870880126953
752,1,1000,1000,39.36181640625,9.24187183380127
753,1,1000,1000,39.266632080078125,9.24187183380127
754,1,1000,1000,39.17132568359375,9.24187183380127
755,1,1000,1000,39.0731201171875,9.24187183380127
756,1,1000,1000,38.9730224609375,9.24187183380127
757,1,1000,1000,38.87217712402344,9.241870880126953
758,1,1000,1000,38.77105712890625,9.241869926452637
759,1,1000,1000,38.66981506347656,9.241869926452637
760,1,1000,1000,38.56837463378906,9.241870880126953
761,1,1000,1000,38.46403503417969,9.241872787475586
762,1,1000,1000,38.357757568359375,9.241873741149902
763,1,1000,1000,38.25079345703125,9.241873741149902
764,1,1000,1000,38.14361572265625,9.241873741149902
765,1,1000,1000,38.03631591796875,9.241872787475586
766,1,1000,1000,37.92884063720703,9.24187183380127
767,1,1000,1000,37.82117462158203,9.241872787475586
768,1,1000,1000,37.71331024169922,9.241872787475586
769,1,1000,1000,37.60533905029297,9.24187183380127
770,1,1000,1000,37.497283935546875,9.24187183380127
771,1,1000,1000,37.38917541503906,9.24187183380127
772,1,1000,1000,37.281097412109375,9.241870880126953
773,1,1000,1000,37.17304229736328,9.241870880126953
774,1,1000,1000,37.06494903564453,9.241870880126953
775,1,1000,1000,36.956878662109375,9.241870880126953
776,1,1000,1000,36.84880065917969,9.24187183380127
777,1,1000,1000,36.740760803222656,9.241872787475586
778,1,1000,1000,36.63267517089844,9.241872787475586
779,1,1000,1000,36.52190399169922,9.24187183380127
780,1,1000,1000,36.409454345703125,9.24187183380127
781,1,1000,1000,36.29370880126953,9.24187183380127
782,1,1000,1000,36.173362731933594,9.24187183380127
783,1,1000,1000,36.04792785644531,9.24187183380127
784,1,1000,1000,35.91719055175781,9.24187183380127
785,1,1000,1000,35.783782958984375,9.24187183380127
786,1,1000,1000,35.64649200439453,9.24187183380127
787,1,1000,1000,35.504058837890625,9.24187183380127
788,1,1000,1000,35.35591125488281,9.24187183380127
789,1,1000,1000,35.201271057128906,9.24187183380127
790,1,1000,1000,35.039398193359375,9.241870880126953
791,1,1000,1000,34.874420166015625,9.24187183380127
792,1,1000,1000,34.70051574707031,9.24187183380127
793,1,1000,1000,34.52192687988281,9.24187183380127
794,1,1000,1000,34.338157653808594,9.241872787475586
795,1,1000,1000,34.147987365722656,9.241872787475586
796,1,1000,1000,33.95087432861328,9.241869926452637
797,1,1000,1000,33.75102233886719,9.241868019104004
798,1,1000,1000,33.550933837890625,9.241869926452637
799,1,1000,1000,33.351219177246094,9.24187183380127
800,1,1000,1000,33.151519775390625,9.241872787475586
801,1,1000,1000,32.951454162597656,9.241872787475586
802,1,1000,1000,32.75084686279297,9.24187183380127
803,1,1000,1000,32.549713134765625,9.241872787475586
804,1,1000,1000,32.348167419433594,9.241872787475586
805,1,1000,1000,32.14214324951172,9.241873741149902
806,1,1000,1000,31.933547973632812,9.241872787475586
807,1,1000,1000,31.724502563476562,9.24187183380127
808,1,1000,1000,31.51581573486328,9.24187183380127
809,1,1000,1000,31.30754852294922,9.241872787475586
810,1,1000,1000,31.099441528320312,9.241874694824219
811,1,1000,1000,30.891319274902344,9.241874694824219
812,1,1000,1000,30.678756713867188,9.241873741149902
813,1,1000,1000,30.463607788085938,9.241872787475586
814,1,1000,1000,30.247909545898438,9.241870880126953
815,1,1000,1000,30.03253936767578,9.24186897277832
816,1,1000,1000,29.81755828857422,9.24186897277832
817,1,1000,1000,29.60265350341797,9.241869926452637
818,1,1000,1000,29.387664794921875,9.24187183380127
819,1,1000,1000,29.17253875732422,9.241872787475586
820,1,1000,1000,28.95728302001953,9.24187183380127
821,1,1000,1000,28.74188232421875,9.241870880126953
822,1,1000,1000,28.526405334472656,9.24187183380127
823,1,1000,1000,28.310882568359375,9.241873741149902
824,1,1000,1000,28.095321655273438,9.241874694824219
825,1,1000,1000,27.879776000976562,9.241873741149902
826,1,1000,1000,27.664215087890625,9.241873741149902
827,1,1000,1000,27.448684692382812,9.241872787475586
828,1,1000,1000,27.23314666748047,9.24187183380127
829,1,1000,1000,27.01763153076172,9.241870880126953
830,1,1000,1000,26.8021240234375,9.241870880126953
831,1,1000,1000,26.58660125732422,9.241870880126953
832,1,1000,1000,26.371070861816406,9.241870880126953
833,1,1000,1000,26.155532836914062,9.241869926452637
834,1,1000,1000,25.94000244140625,9.241870880126953
835,1,1000,1000,25.724472045898438,9.241872787475586
836,1,1000,1000,25.50896453857422,9.241873741149902
837,1,1000,1000,25.293426513671875,9.241873741149902
838,1,1000,1000,25.077896118164062,9.24187183380127
839,1,1000,1000,24.86236572265625,9.241870880126953
840,1,1000,1000,24.646881103515625,9.241869926452637
841,1,1000,1000,24.431381225585938,9.24187183380127
842,1,1000,1000,24.215866088867188,9.241872787475586
843,1,1000,1000,24.000335693359375,9.241873741149902
844,1,1000,1000,23.784835815429688,9.24187183380127
845,1,1000,1000,23.56932830810547,9.241869926452637
846,1,1000,1000,23.35382843017578,9.241869926452637
847,1,1000,1000,23.13831329345703,9.241869926452637
848,1,1000,1000,22.922805786132812,9.24187183380127
849,1,1000,1000,22.707298278808594,9.24187183380127
850,1,1000,1000,22.4918212890625,9.24187183380127
851,1,1000,1000,22.276290893554688,9.241872787475586
852,1,1000,1000,22.060775756835938,9.241872787475586
853,1,1000,1000,21.84527587890625,9.241872787475586
854,1,1000,1000,21.629737854003906,9.241872787475586
855,1,1000,1000,21.414222717285156,9.241873741149902
856,1,1000,1000,21.198707580566406,9.241873741149902
857,1,1000,1000,20.983192443847656,9.241873741149902
858,1,1000,1000,20.771942138671875,9.241873741149902
859,1,1000,1000,20.5631103515625,9.241872787475586
860,1,1000,1000,20.354690551757812,9.241873741149902
861,1,1000,1000,20.1458740234375,9.241874694824219
862,1,1000,1000,19.93669891357422,9.241872787475586
863,1,1000,1000,19.72736358642578,9.241870880126953
864,1,1000,1000,19.518096923828125,9.241869926452637
865,1,1000,1000,19.30896759033203,9.24187183380127
866,1,1000,1000,19.09998321533203,9.24187183380127
867,1,1000,1000,18.89116668701172,9.241872787475586
868,1,1000,1000,18.68242645263672,9.241873741149902
869,1,1000,1000,18.473716735839844,9.241874694824219
870,1,1000,1000,18.26927947998047,9.241873741149902
871,1,1000,1000,18.0672607421875,9.24187183380127
872,1,1000,1000,17.86566925048828,9.241870880126953
873,1,1000,1000,17.663711547851562,9.241870880126953
874,1,1000,1000,17.461334228515625,9.24187183380127
875,1,1000,1000,17.258804321289062,9.24187183380127
876,1,1000,1000,17.05633544921875,9.24187183380127
877,1,1000,1000,16.85400390625,9.241872787475586
878,1,1000,1000,16.651870727539062,9.241872787475586
879,1,1000,1000,16.449867248535156,9.241872787475586
880,1,1000,1000,16.2479248046875,9.241873741149902
881,1,1000,1000,16.046005249023438,9.241872787475586
882,1,1000,1000,15.8441162109375,9.241870880126953
883,1,1000,1000,15.642250061035156,9.241870880126953
884,1,1000,1000,15.44036865234375,9.24187183380127
885,1,1000,1000,15.238487243652344,9.241872787475586
886,1,1000,1000,15.036598205566406,9.241872787475586
887,1,1000,1000,14.834724426269531,9.241873741149902
888,1,1000,1000,14.632865905761719,9.241872787475586
889,1,1000,1000,14.43524169921875,9.241870880126953
890,1,1000,1000,14.244308471679688,9.241869926452637
891,1,1000,1000,14.060264587402344,9.241869926452637
892,1,1000,1000,13.881660461425781,9.24187183380127
893,1,1000,1000,13.705001831054688,9.241872787475586
894,1,1000,1000,13.531379699707031,9.241872787475586
895,1,1000,1000,13.362297058105469,9.24187183380127
896,1,1000,1000,13.19586181640625,9.24187183380127
897,1,1000,1000,13.03338623046875,9.24187183380127
898,1,1000,1000,12.876121520996094,9.24187183380127
899,1,1000,1000,12.724502563476562,9.241870880126953
900,1,1000,1000,12.575904846191406,9.241870880126953
901,1,1000,1000,12.431350708007812,9.24187183380127
902,1,1000,1000,12.291946411132812,9.241872787475586
903,1,1000,1000,12.155502319335938,9.241872787475586
904,1,1000,1000,12.023117065429688,9.241872787475586
905,1,1000,1000,11.89593505859375,9.24187183380127
906,1,1000,1000,11.774383544921875,9.24187183380127
907,1,1000,1000,11.658531188964844,9.24187183380127
908,1,1000,1000,11.54840087890625,9.24187183380127
909,1,1000,1000,11.441291809082031,9.24187183380127
910,1,1000,1000,11.3382568359375,9.24187183380127
911,1,1000,1000,11.240524291992188,9.24187183380127
912,1,1000,1000,11.148574829101562,9.24187183380127
913,1,1000,1000,11.062507629394531,9.24187183380127
914,1,1000,1000,10.982276916503906,9.24187183380127
915,1,1000,1000,10.907852172851562,9.24187183380127
916,1,1000,1000,10.836563110351562,9.24187183380127
917,1,1000,1000,10.7667236328125,9.24187183380127
918,1,1000,1000,10.697799682617188,9.24187183380127
919,1,1000,1000,10.62969970703125,9.24187183380127
920,1,1000,1000,10.562362670898438,9.24187183380127
921,1,1000,1000,10.495674133300781,9.24187183380127
922,1,1000,1000,10.429397583007812,9.24187183380127
923,1,1000,1000,10.36334228515625,9.24187183380127
924,1,1000,1000,10.297401428222656,9.24187183380127
925,1,1000,1000,10.231468200683594,9.24187183380127
926,1,1000,1000,10.165519714355469,9.24187183380127
927,1,1000,1000,10.099540710449219,9.24187183380127
928,1,1000,1000,10.033561706542969,9.24187183380127
929,1,1000,1000,9.967567443847656,9.24187183380127
930,1,1000,1000,9.901542663574219,9.24187183380127
931,1,1000,1000,9.835517883300781,9.24187183380127
932,1,1000,1000,9.769477844238281,9.24187183380127
933,1,1000,1000,9.70343017578125,9.24187183380127
934,1,1000,1000,9.637397766113281,9.24187183380127
935,1,1000,1000,9.57135009765625,9.24187183380127
936,1,1000,1000,9.505317687988281,9.241872787475586
937,1,1000,1000,9.439285278320312,9.241872787475586
938,1,1000,1000,9.37322998046875,9.241872787475586
939,1,1000,1000,9.307167053222656,9.241872787475586
940,1,1000,1000,9.243812561035156,9.241872787475586
941,1,1000,1000,9.182182312011719,9.241872787475586
942,1,1000,1000,9.121131896972656,9.24187183380127
943,1,1000,1000,9.060226440429688,9.24187183380127
944,1,1000,1000,8.999404907226562,9.24187183380127
945,1,1000,1000,8.938751220703125,9.24187183380127
946,1,1000,1000,8.881004333496094,9.24187183380127
947,1,1000,1000,8.825157165527344,9.24187183380127
948,1,1000,1000,8.770011901855469,9.24187183380127
949,1,1000,1000,8.715103149414062,9.24187183380127
950,1,1000,1000,8.660331726074219,9.24187183380127
951,1,1000,1000,8.605705261230469,9.24187183380127
952,1,1000,1000,8.554008483886719,9.24187183380127
953,1,1000,1000,8.504173278808594,9.24187183380127
954,1,1000,1000,8.455062866210938,9.24187183380127
955,1,1000,1000,8.406150817871094,9.24187183380127
956,1,1000,1000,8.357322692871094,9.24187183380127
957,1,1000,1000,8.308685302734375,9.24187183380127
958,1,1000,1000,8.262969970703125,9.24187183380127
959,1,1000,1000,8.219146728515625,9.24187183380127
960,1,1000,1000,8.176040649414062,9.24187183380127
961,1,1000,1000,8.133148193359375,9.24187183380127
962,1,1000,1000,8.090354919433594,9.24187183380127
963,1,1000,1000,8.050445556640625,9.24187183380127
964,1,1000,1000,8.012451171875,9.24187183380127
965,1,1000,1000,7.9752349853515625,9.24187183380127
966,1,1000,1000,7.9382171630859375,9.24187183380127
967,1,1000,1000,7.9013824462890625,9.24187183380127
968,1,1000,1000,7.864753723144531,9.24187183380127
969,1,1000,1000,7.8310546875,9.24187183380127
970,1,1000,1000,7.7992401123046875,9.24187183380127
971,1,1000,1000,7.768165588378906,9.24187183380127
972,1,1000,1000,7.7372894287109375,9.24187183380127
973,1,1000,1000,7.706512451171875,9.24187183380127
974,1,1000,1000,7.6759033203125,9.24187183380127
975,1,1000,1000,7.645484924316406,9.24187183380127
976,1,1000,1000,7.615226745605469,9.24187183380127
977,1,1000,1000,7.587806701660156,9.24187183380127
978,1,1000,1000,7.5621337890625,9.24187183380127
979,1,1000,1000,7.537078857421875,9.24187183380127
980,1,1000,1000,7.512184143066406,9.24187183380127
981,1,1000,1000,7.487396240234375,9.24187183380127
982,1,1000,1000,7.4654541015625,9.24187183380127
983,1,1000,1000,7.4454193115234375,9.24187183380127
984,1,1000,1000,7.4261627197265625,9.24187183380127
985,1,1000,1000,7.407135009765625,9.24187183380127
986,1,1000,1000,7.3883209228515625,9.24187183380127
987,1,1000,1000,7.369682312011719,9.24187183380127
988,1,1000,1000,7.351234436035156,9.24187183380127
989,1,1000,1000,7.335685729980469,9.24187183380127
990,1,1000,1000,7.321983337402344,9.24187183380127
991,1,1000,1000,7.3089447021484375,9.24187183380127
992,1,1000,1000,7.296073913574219,9.24187183380127
993,1,1000,1000,7.283287048339844,9.24187183380127
994,1,1000,1000,7.270668029785156,9.24187183380127
995,1,1000,1000,7.258262634277344,9.24187183380127
996,1,1000,1000,7.246025085449219,9.24187183380127
997,1,1000,1000,7.233917236328125,9.24187183380127
998,1,1000,1000,7.221870422363281,9.24187183380127
999,1,1000,1000,7.212562561035156,9.24187183380127
1000,1,1000,1000,7.2049713134765625,9.24187183380127
1001,1,1000,1000,7.197998046875,9.24187183380127
1002,1,1000,1000,7.1911468505859375,9.24187183380127
1003,1,1000,1000,7.184379577636719,9.24187183380127
1004,1,1000,1000,7.177764892578125,9.24187183380127
1005,1,1000,1000,7.1713409423828125,9.24187183380127
1006,1,1000,1000,7.165107727050781,9.24187183380127
1007,1,1000,1000,7.15899658203125,9.24187183380127
1008,1,1000,1000,7.152961730957031,9.24187183380127
1009,1,1000,1000,7.1469879150390625,9.24187183380127
1010,1,1000,1000,7.141021728515625,9.24187183380127
1011,1,1000,1000,7.135047912597656,9.24187183380127
1012,1,1000,1000,7.1317596435546875,9.24187183380127
1013,1,1000,1000,7.13018798828125,9.24187183380127
1014,1,1000,1000,7.129188537597656,9.24187183380127
1015,1,1000,1000,7.1283416748046875,9.24187183380127
1016,1,1000,1000,7.127571105957031,9.24187183380127
1017,1,1000,1000,7.126953125,9.24187183380127
1018,1,1000,1000,7.1265411376953125,9.24187183380127
1019,1,1000,1000,7.1262969970703125,9.24187183380127
1020,1,1000,1000,7.126167297363281,9.24187183380127
1021,1,1000,1000,7.126152038574219,9.24187183380127
1022,1,1000,1000,7.126167297363281,9.24187183380127
1023,1,1000,1000,7.126220703125,9.24187183380127
1024,1,1000,1000,7.126251220703125,9.24187183380127
1025,1,1000,1000,7.126274108886719,9.24187183380127
1026,1,1000,1000,7.126289367675781,9.24187183380127
1027,1,1000,1000,7.1262969970703125,9.24187183380127
1028,1,1000,1000,7.126304626464844,9.24187183380127
1029,1,1000,1000,7.126289367675781,9.24187183380127
1030,1,1000,1000,7.1262969970703125,9.24187183380127
1031,1,1000,1000,7.126289367675781,9.24187183380127
1032,1,1000,1000,7.1262969970703125,9.24187183380127
1033,1,1000,1000,7.126289367675781,9.24187183380127
1034,1,1000,1000,7.1262969970703125,9.24187183380127
1035,1,1000,1000,7.126289367675781,9.24187183380127
1036,1,1000,1000,7.1262969970703125,9.24187183380127
1037,1,1000,1000,7.128997802734375,9.24187183380127
1038,1,1000,1000,7.1334228515625,9.24187183380127
1039,1,1000,1000,7.138450622558594,9.24187183380127
1040,1,1000,1000,7.143623352050781,9.24187183380127
1041,1,1000,1000,7.148872375488281,9.24187183380127
1042,1,1000,1000,7.154273986816406,9.24187183380127
1043,1,1000,1000,7.159873962402344,9.24187183380127
1044,1,1000,1000,7.1656494140625,9.24187183380127
1045,1,1000,1000,7.1715850830078125,9.24187183380127
1046,1,1000,1000,7.177604675292969,9.24187183380127
1047,1,1000,1000,7.183631896972656,9.24187183380127
1048,1,1000,1000,7.189674377441406,9.24187183380127
1049,1,1000,1000,7.195701599121094,9.24187183380127
1050,1,1000,1000,7.201744079589844,9.24187183380127
1051,1,1000,1000,7.207756042480469,9.24187183380127
1052,1,1000,1000,7.213775634765625,9.24187183380127
1053,1,1000,1000,7.2198028564453125,9.24187183380127
1054,1,1000,1000,7.225837707519531,9.24187183380127
1055,1,1000,1000,7.2318878173828125,9.24187183380127
1056,1,1000,1000,7.2378997802734375,9.24187183380127
1057,1,1000,1000,7.243927001953125,9.24187183380127
1058,1,1000,1000,7.249931335449219,9.24187183380127
1059,1,1000,1000,7.255943298339844,9.24187183380127
1060,1,1000,1000,7.2619476318359375,9.24187183380127
1061,1,1000,1000,7.267951965332031,9.24187183380127
1062,1,1000,1000,7.2739715576171875,9.24187183380127
1063,1,1000,1000,7.2800140380859375,9.24187183380127
1064,1,1000,1000,7.286033630371094,9.24187183380127
1065,1,1000,1000,7.2920379638671875,9.24187183380127
1066,1,1000,1000,7.2980499267578125,9.24187183380127
1067,1,1000,1000,7.304084777832031,9.24187183380127
1068,1,1000,1000,7.3101043701171875,9.24187183380127
1069,1,1000,1000,7.3161163330078125,9.24187183380127
1070,1,1000,1000,7.3221588134765625,9.24187183380127
1071,1,1000,1000,7.3281707763671875,9.24187183380127
1072,1,1000,1000,7.334205627441406,9.24187183380127
1073,1,1000,1000,7.3402252197265625,9.24187183380127
1074,1,1000,1000,7.346244812011719,9.24187183380127
1075,1,1000,1000,7.352294921875,9.24187183380127
1076,1,1000,1000,7.358314514160156,9.24187183380127
1077,1,1000,1000,7.364311218261719,9.24187183380127
1078,1,1000,1000,7.370323181152344,9.24187183380127
1079,1,1000,1000,7.3763275146484375,9.24187183380127
1080,1,1000,1000,7.3823394775390625,9.24187183380127
1081,1,1000,1000,7.388343811035156,9.24187183380127
1082,1,1000,1000,7.394355773925781,9.24187183380127
1083,1,1000,1000,7.400390625,9.24187183380127
1084,1,1000,1000,7.406425476074219,9.24187183380127
1085,1,1000,1000,7.4124298095703125,9.24187183380127
1086,1,1000,1000,7.418464660644531,9.24187183380127
1087,1,1000,1000,7.4244842529296875,9.24187183380127
1088,1,1000,1000,7.430503845214844,9.24187183380127
1089,1,1000,1000,7.4365386962890625,9.24187183380127
1090,1,1000,1000,7.442558288574219,9.24187183380127
1091,1,1000,1000,7.4485931396484375,9.24187183380127
1092,1,1000,1000,7.454612731933594,9.24187183380127
1093,1,1000,1000,7.460601806640625,9.24187183380127
1094,1,1000,1000,7.4666290283203125,9.24187183380127
1095,1,1000,1000,7.472648620605469,9.24187183380127
1096,1,1000,1000,7.478668212890625,9.24187183380127
1097,1,1000,1000,7.484687805175781,9.24187183380127
1098,1,1000,1000,7.490684509277344,9.24187183380127
1099,1,1000,1000,7.496681213378906,9.24187183380127
1100,1,1000,1000,7.502685546875,9.24187183380127
1101,1,1000,1000,7.508697509765625,9.24187183380127
1102,1,1000,1000,7.514701843261719,9.24187183380127
1103,1,1000,1000,7.5207061767578125,9.24187183380127
1104,1,1000,1000,7.526702880859375,9.24187183380127
1105,1,1000,1000,7.5327301025390625,9.24187183380127
1106,1,1000,1000,7.54144287109375,9.24187183380127
1107,1,1000,1000,7.5518646240234375,9.24187183380127
1108,1,1000,1000,7.562873840332031,9.24187183380127
1109,1,1000,1000,7.57403564453125,9.24187183380127
1110,1,1000,1000,7.585304260253906,9.24187183380127
1111,1,1000,1000,7.596733093261719,9.24187183380127
1112,1,1000,1000,7.608360290527344,9.24187183380127
1113,1,1000,1000,7.620170593261719,9.24187183380127
1114,1,1000,1000,7.6320953369140625,9.24187183380127
1115,1,1000,1000,7.644096374511719,9.24187183380127
1116,1,1000,1000,7.656135559082031,9.24187183380127
1117,1,1000,1000,7.668205261230469,9.24187183380127
1118,1,1000,1000,7.680259704589844,9.24187183380127
1119,1,1000,1000,7.692329406738281,9.24187183380127
1120,1,1000,1000,7.704383850097656,9.24187183380127
1121,1,1000,1000,7.716407775878906,9.24187183380127
1122,1,1000,1000,7.728431701660156,9.24187183380127
1123,1,1000,1000,7.7404632568359375,9.24187183380127
1124,1,1000,1000,7.75250244140625,9.24187183380127
1125,1,1000,1000,7.764518737792969,9.24187183380127
1126,1,1000,1000,7.776527404785156,9.24187183380127
1127,1,1000,1000,7.788536071777344,9.24187183380127
1128,1,1000,1000,7.800559997558594,9.24187183380127
1129,1,1000,1000,7.812599182128906,9.24187183380127
1130,1,1000,1000,7.824623107910156,9.24187183380127
1131,1,1000,1000,7.836647033691406,9.24187183380127
1132,1,1000,1000,7.848663330078125,9.24187183380127
1133,1,1000,1000,7.860687255859375,9.24187183380127
1134,1,1000,1000,7.872718811035156,9.24187183380127
1135,1,1000,1000,7.884742736816406,9.24187183380127
1136,1,1000,1000,7.896781921386719,9.24187183380127
1137,1,1000,1000,7.908836364746094,9.24187183380127
1138,1,1000,1000,7.920875549316406,9.24187183380127
1139,1,1000,1000,7.93292236328125,9.24187183380127
1140,1,1000,1000,7.944953918457031,9.24187183380127
1141,1,1000,1000,7.95697021484375,9.24187183380127
1142,1,1000,1000,7.968994140625,9.24187183380127
1143,1,1000,1000,7.98101806640625,9.24187183380127
1144,1,1000,1000,7.993049621582031,9.24187183380127
1145,1,1000,1000,8.005088806152344,9.24187183380127
1146,1,1000,1000,8.017135620117188,9.24187183380127
1147,1,1000,1000,8.029159545898438,9.24187183380127
1148,1,1000,1000,8.041183471679688,9.24187183380127
1149,1,1000,1000,8.053215026855469,9.24187183380127
1150,1,1000,1000,8.065254211425781,9.24187183380127
1151,1,1000,1000,8.077293395996094,9.24187183380127
1152,1,1000,1000,8.089340209960938,9.24187183380127
1153,1,1000,1000,8.101387023925781,9.24187183380127
1154,1,1000,1000,8.113410949707031,9.24187183380127
1155,1,1000,1000,8.125442504882812,9.24187183380127
1156,1,1000,1000,8.140174865722656,9.24187183380127
1157,1,1000,1000,8.156631469726562,9.24187183380127
1158,1,1000,1000,8.173683166503906,9.24187183380127
1159,1,1000,1000,8.190864562988281,9.24187183380127
1160,1,1000,1000,8.208137512207031,9.24187183380127
1161,1,1000,1000,8.225555419921875,9.24187183380127
1162,1,1000,1000,8.243179321289062,9.24187183380127
1163,1,1000,1000,8.260986328125,9.24187183380127
1164,1,1000,1000,8.278915405273438,9.24187183380127
1165,1,1000,1000,8.29693603515625,9.24187183380127
1166,1,1000,1000,8.314987182617188,9.24187183380127
1167,1,1000,1000,8.33306884765625,9.24187183380127
1168,1,1000,1000,8.351127624511719,9.24187183380127
1169,1,1000,1000,8.369209289550781,9.24187183380127
1170,1,1000,1000,8.387283325195312,9.24187183380127
1171,1,1000,1000,8.405326843261719,9.24187183380127
1172,1,1000,1000,8.42340087890625,9.24187183380127
1173,1,1000,1000,8.44146728515625,9.24187183380127
1174,1,1000,1000,8.459518432617188,9.24187183380127
1175,1,1000,1000,8.477569580078125,9.24187183380127
1176,1,1000,1000,8.495620727539062,9.24187183380127
1177,1,1000,1000,8.513656616210938,9.24187183380127
1178,1,1000,1000,8.531715393066406,9.24187183380127
1179,1,1000,1000,8.54974365234375,9.24187183380127
1180,1,1000,1000,8.567794799804688,9.24187183380127
1181,1,1000,1000,8.583137512207031,9.24187183380127
1182,1,1000,1000,8.596748352050781,9.24187183380127
1183,1,1000,1000,8.609779357910156,9.24187183380127
1184,1,1000,1000,8.6226806640625,9.24187183380127
1185,1,1000,1000,8.635498046875,9.24187183380127
1186,1,1000,1000,8.648162841796875,9.24187183380127
1187,1,1000,1000,8.660598754882812,9.24187183380127
1188,1,1000,1000,8.670135498046875,9.24187183380127
1189,1,1000,1000,8.677825927734375,9.24187183380127
1190,1,1000,1000,8.684860229492188,9.24187183380127
1191,1,1000,1000,8.69171142578125,9.24187183380127
1192,1,1000,1000,8.698486328125,9.24187183380127
1193,1,1000,1000,8.705093383789062,9.24187183380127
1194,1,1000,1000,8.711494445800781,9.24187183380127
1195,1,1000,1000,8.717720031738281,9.24187183380127
1196,1,1000,1000,8.723823547363281,9.24187183380127
1197,1,1000,1000,8.729827880859375,9.24187183380127
1198,1,1000,1000,8.735832214355469,9.24187183380127
1199,1,1000,1000,8.741798400878906,9.24187183380127
1200,1,1000,1000,8.747795104980469,9.24187183380127
1201,1,1000,1000,8.753799438476562,9.24187183380127
1202,1,1000,1000,8.759803771972656,9.24187183380127
1203,1,1000,1000,8.765830993652344,9.24187183380127
1204,1,1000,1000,8.771820068359375,9.24187183380127
1205,1,1000,1000,8.777854919433594,9.24187183380127
1206,1,1000,1000,8.78387451171875,9.24187183380127
1207,1,1000,1000,8.789871215820312,9.24187183380127
1208,1,1000,1000,8.793190002441406,9.24187183380127
1209,1,1000,1000,8.794784545898438,9.24187183380127
1210,1,1000,1000,8.795783996582031,9.24187183380127
1211,1,1000,1000,8.796646118164062,9.24187183380127
1212,1,1000,1000,8.797393798828125,9.24187183380127
1213,1,1000,1000,8.798019409179688,9.24187183380127
1214,1,1000,1000,8.798439025878906,9.24187183380127
1215,1,1000,1000,8.798683166503906,9.24187183380127
1216,1,1000,1000,8.79876708984375,9.24187183380127
1217,1,1000,1000,8.798774719238281,9.24187183380127
1218,1,1000,1000,8.798744201660156,9.24187183380127
1219,1,1000,1000,8.7987060546875,9.24187183380127
1220,1,1000,1000,8.798675537109375,9.24187183380127
1221,1,1000,1000,8.798629760742188,9.24187183380127
1222,1,1000,1000,8.798614501953125,9.24187183380127
1223,1,1000,1000,8.798591613769531,9.24187183380127
1224,1,1000,1000,8.798568725585938,9.24187183380127
1225,1,1000,1000,8.798576354980469,9.24187183380127
1226,1,1000,1000,8.798599243164062,9.24187183380127
1227,1,1000,1000,8.798591613769531,9.24187183380127
1228,1,1000,1000,8.798583984375,9.24187183380127
1229,1,1000,1000,8.798583984375,9.24187183380127
1230,1,1000,1000,8.798591613769531,9.24187183380127
1231,1,1000,1000,8.798576354980469,9.24187183380127
1232,1,1000,1000,8.798599243164062,9.24187183380127
1233,1,1000,1000,8.798583984375,9.24187183380127
1234,1,1000,1000,8.798599243164062,9.24187183380127
1235,1,1000,1000,8.798583984375,9.24187183380127
1236,1,1000,1000,8.798599243164062,9.24187183380127
1237,1,1000,1000,8.798591613769531,9.24187183380127
1238,1,1000,1000,8.798606872558594,9.24187183380127
1239,1,1000,1000,8.798591613769531,9.24187183380127
1240,1,1000,1000,8.798599243164062,9.24187183380127
1241,1,1000,1000,8.798591613769531,9.24187183380127
1242,1,1000,1000,8.798606872558594,9.24187183380127
1243,1,1000,1000,8.798591613769531,9.24187183380127
1244,1,1000,1000,8.798591613769531,9.24187183380127
1245,1,1000,1000,8.798606872558594,9.24187183380127
1246,1,1000,1000,8.798599243164062,9.24187183380127
1247,1,1000,1000,8.798591613769531,9.24187183380127
1248,1,1000,1000,8.798591613769531,9.24187183380127
1249,1,1000,1000,8.801315307617188,9.24187183380127
1250,1,1000,1000,8.805747985839844,9.24187183380127
1251,1,1000,1000,8.810768127441406,9.24187183380127
1252,1,1000,1000,8.815910339355469,9.24187183380127
1253,1,1000,1000,8.8211669921875,9.24187183380127
1254,1,1000,1000,8.826583862304688,9.24187183380127
1255,1,1000,1000,8.832199096679688,9.24187183380127
1256,1,1000,1000,8.837989807128906,9.24187183380127
1257,1,1000,1000,8.843902587890625,9.24187183380127
1258,1,1000,1000,8.85260009765625,9.24187183380127
1259,1,1000,1000,8.863037109375,9.24187183380127
1260,1,1000,1000,8.874099731445312,9.24187183380127
1261,1,1000,1000,8.885299682617188,9.24187183380127
1262,1,1000,1000,8.896598815917969,9.24187183380127
1263,1,1000,1000,8.908042907714844,9.24187183380127
1264,1,1000,1000,8.919654846191406,9.24187183380127
1265,1,1000,1000,8.931442260742188,9.24187183380127
1266,1,1000,1000,8.943382263183594,9.24187183380127
1267,1,1000,1000,8.955421447753906,9.24187183380127
1268,1,1000,1000,8.967453002929688,9.24187183380127
1269,1,1000,1000,8.976799011230469,9.24187183380127
1270,1,1000,1000,8.984420776367188,9.24187183380127
1271,1,1000,1000,8.991455078125,9.24187183380127
1272,1,1000,1000,8.998329162597656,9.24187183380127
1273,1,1000,1000,9.005111694335938,9.24187183380127
1274,1,1000,1000,9.011741638183594,9.24187183380127
1275,1,1000,1000,9.018180847167969,9.24187183380127
1276,1,1000,1000,9.024421691894531,9.24187183380127
1277,1,1000,1000,9.030540466308594,9.24187183380127
1278,1,1000,1000,9.036567687988281,9.24187183380127
1279,1,1000,1000,9.042564392089844,9.24187183380127
1280,1,1000,1000,9.04583740234375,9.24187183380127
1281,1,1000,1000,9.047401428222656,9.24187183380127
1282,1,1000,1000,9.048370361328125,9.24187183380127
1283,1,1000,1000,9.04925537109375,9.24187183380127
1284,1,1000,1000,9.050033569335938,9.24187183380127
1285,1,1000,1000,9.0506591796875,9.24187183380127
1286,1,1000,1000,9.051078796386719,9.24187183380127
1287,1,1000,1000,9.051307678222656,9.24187183380127
1288,1,1000,1000,9.051399230957031,9.24187183380127
1289,1,1000,1000,9.051414489746094,9.24187183380127
1290,1,1000,1000,9.051406860351562,9.24187183380127
1291,1,1000,1000,9.051376342773438,9.24187183380127
1292,1,1000,1000,9.051338195800781,9.24187183380127
1293,1,1000,1000,9.051300048828125,9.24187183380127
1294,1,1000,1000,9.051277160644531,9.24187183380127
1295,1,1000,1000,9.05126953125,9.24187183380127
1296,1,1000,1000,9.05126953125,9.24187183380127
1297,1,1000,1000,9.05126953125,9.24187183380127
1298,1,1000,1000,9.05126953125,9.24187183380127
1299,1,1000,1000,9.05126953125,9.24187183380127
1300,1,1000,1000,9.05126953125,9.24187183380127
1301,1,1000,1000,9.051277160644531,9.24187183380127
1302,1,1000,1000,9.05126953125,9.24187183380127
1303,1,1000,1000,9.051277160644531,9.24187183380127
1304,1,1000,1000,9.051277160644531,9.24187183380127
1305,1,1000,1000,9.051277160644531,9.24187183380127
1306,1,1000,1000,9.051277160644531,9.24187183380127
1307,1,1000,1000,9.051277160644531,9.24187183380127
1308,1,1000,1000,9.051277160644531,9.24187183380127
1309,1,1000,1000,9.051277160644531,9.24187183380127
1310,1,1000,1000,9.051277160644531,9.24187183380127
1311,1,1000,1000,9.051277160644531,9.24187183380127
1312,1,1000,1000,9.051277160644531,9.24187183380127
1313,1,1000,1000,9.051277160644531,9.24187183380127
1314,1,1000,1000,9.051277160644531,9.24187183380127
1315,1,1000,1000,9.051277160644531,9.24187183380127
1316,1,1000,1000,9.051284790039062,9.24187183380127
1317,1,1000,1000,9.051284790039062,9.24187183380127
1318,1,1000,1000,9.051284790039062,9.24187183380127
1319,1,1000,1000,9.051284790039062,9.24187183380127
1320,1,1000,1000,9.051284790039062,9.24187183380127
1321,1,1000,1000,9.051284790039062,9.24187183380127
1322,1,1000,1000,9.051277160644531,9.24187183380127
1323,1,1000,1000,9.051284790039062,9.24187183380127
1324,1,1000,1000,9.051292419433594,9.24187183380127
1325,1,1000,1000,9.051277160644531,9.24187183380127
1326,1,1000,1000,9.051284790039062,9.24187183380127
1327,1,1000,1000,9.051277160644531,9.24187183380127
1328,1,1000,1000,9.051284790039062,9.24187183380127
1329,1,1000,1000,9.051277160644531,9.24187183380127
1330,1,1000,1000,9.051284790039062,9.24187183380127
1331,1,1000,1000,9.051277160644531,9.24187183380127
1332,1,1000,1000,9.051284790039062,9.24187183380127
1333,1,1000,1000,9.051277160644531,9.24187183380127
1334,1,1000,1000,9.051284790039062,9.24187183380127
1335,1,1000,1000,9.051277160644531,9.24187183380127
1336,1,1000,1000,9.051284790039062,9.24187183380127
1337,1,1000,1000,9.051277160644531,9.24187183380127
1338,1,1000,1000,9.051284790039062,9.24187183380127
1339,1,1000,1000,9.051277160644531,9.24187183380127
1340,1,1000,1000,9.051284790039062,9.24187183380127
1341,1,1000,1000,9.051277160644531,9.24187183380127
1342,1,1000,1000,9.051284790039062,9.24187183380127
1343,1,1000,1000,9.051284790039062,9.24187183380127
1344,1,1000,1000,9.051277160644531,9.24187183380127
1345,1,1000,1000,9.051284790039062,9.24187183380127
1346,1,1000,1000,9.051292419433594,9.24187183380127
1347,1,1000,1000,9.051277160644531,9.24187183380127
1348,1,1000,1000,9.051284790039062,9.24187183380127
1349,1,1000,1000,9.051292419433594,9.24187183380127
1350,1,1000,1000,9.051277160644531,9.24187183380127
1351,1,1000,1000,9.051284790039062,9.24187183380127
1352,1,1000,1000,9.051292419433594,9.24187183380127
1353,1,1000,1000,9.051277160644531,9.24187183380127
1354,1,1000,1000,9.051284790039062,9.24187183380127
1355,1,1000,1000,9.051292419433594,9.24187183380127
1356,1,1000,1000,9.051277160644531,9.24187183380127
1357,1,1000,1000,9.051284790039062,9.24187183380127
1358,1,1000,1000,9.051277160644531,9.24187183380127
1359,1,1000,1000,9.051284790039062,9.24187183380127
1360,1,1000,1000,9.051277160644531,9.24187183380127
1361,1,1000,1000,9.051284790039062,9.24187183380127
1362,1,1000,1000,9.051277160644531,9.24187183380127
1363,1,1000,1000,9.051284790039062,9.24187183380127
1364,1,1000,1000,9.051292419433594,9.24187183380127
1365,1,1000,1000,9.048568725585938,9.24187183380127
1366,1,1000,1000,9.044143676757812,9.24187183380127
1367,1,1000,1000,9.039108276367188,9.24187183380127
1368,1,1000,1000,9.033943176269531,9.24187183380127
1369,1,1000,1000,9.028701782226562,9.24187183380127
1370,1,1000,1000,9.023292541503906,9.24187183380127
1371,1,1000,1000,9.017684936523438,9.24187183380127
1372,1,1000,1000,9.011871337890625,9.24187183380127
1373,1,1000,1000,9.005950927734375,9.24187183380127
1374,1,1000,1000,8.999946594238281,9.24187183380127
1375,1,1000,1000,8.993873596191406,9.24187183380127
1376,1,1000,1000,8.987831115722656,9.24187183380127
1377,1,1000,1000,8.981796264648438,9.24187183380127
1378,1,1000,1000,8.975761413574219,9.24187183380127
1379,1,1000,1000,8.969718933105469,9.24187183380127
1380,1,1000,1000,8.963706970214844,9.24187183380127
1381,1,1000,1000,8.95770263671875,9.24187183380127
1382,1,1000,1000,8.951652526855469,9.24187183380127
1383,1,1000,1000,8.94561767578125,9.24187183380127
1384,1,1000,1000,8.939613342285156,9.24187183380127
1385,1,1000,1000,8.933616638183594,9.24187183380127
1386,1,1000,1000,8.927597045898438,9.24187183380127
1387,1,1000,1000,8.92156982421875,9.24187183380127
1388,1,1000,1000,8.915542602539062,9.24187183380127
1389,1,1000,1000,8.909515380859375,9.24187183380127
1390,1,1000,1000,8.903495788574219,9.24187183380127
1391,1,1000,1000,8.897468566894531,9.24187183380127
1392,1,1000,1000,8.891403198242188,9.24187183380127
1393,1,1000,1000,8.885383605957031,9.24187183380127
1394,1,1000,1000,8.879371643066406,9.24187183380127
1395,1,1000,1000,8.873359680175781,9.24187183380127
1396,1,1000,1000,8.867332458496094,9.24187183380127
1397,1,1000,1000,8.864036560058594,9.24187183380127
1398,1,1000,1000,8.862449645996094,9.24187183380127
1399,1,1000,1000,8.861457824707031,9.24187183380127
1400,1,1000,1000,8.860588073730469,9.24187183380127
1401,1,1000,1000,8.859832763671875,9.24187183380127
1402,1,1000,1000,8.859207153320312,9.24187183380127
1403,1,1000,1000,8.858772277832031,9.24187183380127
1404,1,1000,1000,8.858535766601562,9.24187183380127
1405,1,1000,1000,8.858436584472656,9.24187183380127
1406,1,1000,1000,8.858406066894531,9.24187183380127
1407,1,1000,1000,8.858406066894531,9.24187183380127
1408,1,1000,1000,8.858421325683594,9.24187183380127
1409,1,1000,1000,8.858436584472656,9.24187183380127
1410,1,1000,1000,8.85845947265625,9.24187183380127
1411,1,1000,1000,8.858451843261719,9.24187183380127
1412,1,1000,1000,8.858451843261719,9.24187183380127
1413,1,1000,1000,8.858451843261719,9.24187183380127
1414,1,1000,1000,8.85845947265625,9.24187183380127
1415,1,1000,1000,8.858444213867188,9.24187183380127
1416,1,1000,1000,8.858451843261719,9.24187183380127
1417,1,1000,1000,8.858451843261719,9.24187183380127
1418,1,1000,1000,8.85845947265625,9.24187183380127
1419,1,1000,1000,8.85845947265625,9.24187183380127
1420,1,1000,1000,8.85845947265625,9.24187183380127
1421,1,1000,1000,8.85845947265625,9.24187183380127
1422,1,1000,1000,8.858451843261719,9.24187183380127
1423,1,1000,1000,8.858451843261719,9.24187183380127
1424,1,1000,1000,8.858451843261719,9.24187183380127
1425,1,1000,1000,8.858451843261719,9.24187183380127
1426,1,1000,1000,8.858451843261719,9.24187183380127
1427,1,1000,1000,8.858451843261719,9.24187183380127
1428,1,1000,1000,8.858451843261719,9.24187183380127
1429,1,1000,1000,8.858444213867188,9.24187183380127
1430,1,1000,1000,8.858444213867188,9.24187183380127
1431,1,1000,1000,8.858444213867188,9.24187183380127
1432,1,1000,1000,8.858444213867188,9.24187183380127
1433,1,1000,1000,8.858444213867188,9.24187183380127
1434,1,1000,1000,8.858444213867188,9.24187183380127
1435,1,1000,1000,8.858444213867188,9.24187183380127
1436,1,1000,1000,8.858444213867188,9.24187183380127
1437,1,1000,1000,8.858444213867188,9.24187183380127
1438,1,1000,1000,8.858436584472656,9.24187183380127
1439,1,1000,1000,8.858436584472656,9.24187183380127
1440,1,1000,1000,8.858436584472656,9.24187183380127
1441,1,1000,1000,8.858436584472656,9.24187183380127
1442,1,1000,1000,8.858436584472656,9.24187183380127
1443,1,1000,1000,8.858436584472656,9.24187183380127
1444,1,1000,1000,8.858436584472656,9.24187183380127
1445,1,1000,1000,8.858428955078125,9.24187183380127
1446,1,1000,1000,8.858436584472656,9.24187183380127
1447,1,1000,1000,8.858428955078125,9.24187183380127
1448,1,1000,1000,8.858436584472656,9.24187183380127
1449,1,1000,1000,8.858428955078125,9.24187183380127
1450,1,1000,1000,8.858428955078125,9.24187183380127
1451,1,1000,1000,8.858428955078125,9.24187183380127
1452,1,1000,1000,8.858428955078125,9.24187183380127
1453,1,1000,1000,8.858421325683594,9.24187183380127
1454,1,1000,1000,8.858421325683594,9.24187183380127
1455,1,1000,1000,8.858421325683594,9.24187183380127
1456,1,1000,1000,8.858421325683594,9.24187183380127
1457,1,1000,1000,8.858421325683594,9.24187183380127
1458,1,1000,1000,8.858421325683594,9.24187183380127
1459,1,1000,1000,8.858421325683594,9.24187183380127
1460,1,1000,1000,8.858421325683594,9.24187183380127
1461,1,1000,1000,8.858413696289062,9.24187183380127
1462,1,1000,1000,8.858413696289062,9.24187183380127
1463,1,1000,1000,8.858421325683594,9.24187183380127
1464,1,1000,1000,8.858421325683594,9.24187183380127
1465,1,1000,1000,8.858421325683594,9.24187183380127
1466,1,1000,1000,8.858421325683594,9.24187183380127
1467,1,1000,1000,8.858421325683594,9.24187183380127
1468,1,1000,1000,8.858421325683594,9.24187183380127
1469,1,1000,1000,8.858421325683594,9.24187183380127
1470,1,1000,1000,8.858413696289062,9.24187183380127
1471,1,1000,1000,8.858413696289062,9.24187183380127
1472,1,1000,1000,8.858421325683594,9.24187183380127
1473,1,1000,1000,8.858421325683594,9.24187183380127
1474,1,1000,1000,8.858421325683594,9.24187183380127
1475,1,1000,1000,8.858421325683594,9.24187183380127
1476,1,1000,1000,8.858421325683594,9.24187183380127
1477,1,1000,1000,8.858413696289062,9.24187183380127
1478,1,1000,1000,8.858421325683594,9.24187183380127
1479,1,1000,1000,8.858421325683594,9.24187183380127
1480,1,1000,1000,8.858421325683594,9.24187183380127
1481,1,1000,1000,8.858421325683594,9.24187183380127
1482,1,1000,1000,8.858421325683594,9.24187183380127
1483,1,1000,1000,8.858421325683594,9.24187183380127
1484,1,1000,1000,8.858413696289062,9.24187183380127
1485,1,1000,1000,8.858413696289062,9.24187183380127
1486,1,1000,1000,8.858413696289062,9.24187183380127
1487,1,1000,1000,8.858421325683594,9.24187183380127
1488,1,1000,1000,8.858421325683594,9.24187183380127
1489,1,1000,1000,8.858421325683594,9.24187183380127
1490,1,1000,1000,8.858421325683594,9.24187183380127
1491,1,1000,1000,8.858421325683594,9.24187183380127
1492,1,1000,1000,8.858413696289062,9.24187183380127
1493,1,1000,1000,8.858421325683594,9.24187183380127
1494,1,1000,1000,8.858421325683594,9.24187183380127
1495,1,1000,1000,8.858421325683594,9.24187183380127
1496,1,1000,1000,8.858421325683594,9.24187183380127
1497,1,1000,1000,8.858421325683594,9.24187183380127
1498,1,1000,1000,8.858421325683594,9.24187183380127
1499,1,1000,1000,8.858421325683594,9.24187183380127
1500,1,1000,1000,8.858413696289062,9.24187183380127
1501,1,1000,1000,8.858421325683594,9.24187183380127
1502,1,1000,1000,8.858421325683594,9.24187183380127
1503,1,1000,1000,8.858421325683594,9.24187183380127
1504,1,1000,1000,8.858421325683594,9.24187183380127
1505,1,1000,1000,8.858421325683594,9.24187183380127
1506,1,1000,1000,8.858413696289062,9.24187183380127
1507,1,1000,1000,8.858413696289062,9.24187183380127
1508,1,1000,1000,8.858421325683594,9.24187183380127
1509,1,1000,1000,8.858421325683594,9.24187183380127
1510,1,1000,1000,8.858421325683594,9.24187183380127
1511,1,1000,1000,8.858421325683594,9.24187183380127
1512,1,1000,1000,8.858421325683594,9.24187183380127
1513,1,1000,1000,8.858413696289062,9.24187183380127
1514,1,1000,1000,8.858421325683594,9.24187183380127
1515,1,1000,1000,8.858421325683594,9.24187183380127
1516,1,1000,1000,8.858421325683594,9.24187183380127
1517,1,1000,1000,8.858421325683594,9.24187183380127
1518,1,1000,1000,8.858421325683594,9.24187183380127
1519,1,1000,1000,8.858413696289062,9.24187183380127
1520,1,1000,1000,8.858413696289062,9.24187183380127
1521,1,1000,1000,8.858421325683594,9.24187183380127
1522,1,1000,1000,8.858421325683594,9.24187183380127
1523,1,1000,1000,8.858421325683594,9.24187183380127
1524,1,1000,1000,8.858421325683594,9.24187183380127
1525,1,1000,1000,8.858413696289062,9.24187183380127
1526,1,1000,1000,8.858421325683594,9.24187183380127
1527,1,1000,1000,8.858421325683594,9.24187183380127
1528,1,1000,1000,8.858421325683594,9.24187183380127
1529,1,1000,1000,8.858421325683594,9.24187183380127
1530,1,1000,1000,8.858421325683594,9.24187183380127
1531,1,1000,1000,8.858421325683594,9.24187183380127
1532,1,1000,1000,8.858413696289062,9.24187183380127
1533,1,1000,1000,8.858421325683594,9.24187183380127
1534,1,1000,1000,8.858421325683594,9.24187183380127
1535,1,1000,1000,8.858421325683594,9.24187183380127
1536,1,1000,1000,8.858421325683594,9.24187183380127
1537,1,1000,1000,8.858421325683594,9.24187183380127
1538,1,1000,1000,8.858413696289062,9.24187183380127
1539,1,1000,1000,8.858421325683594,9.24187183380127
1540,1,1000,1000,8.858421325683594,9.24187183380127
1541,1,1000,1000,8.858421325683594,9.24187183380127
1542,1,1000,1000,8.858421325683594,9.24187183380127
1543,1,1000,1000,8.858421325683594,9.24187183380127
1544,1,1000,1000,8.858413696289062,9.24187183380127
1545,1,1000,1000,8.858413696289062,9.24187183380127
1546,1,1000,1000,8.858421325683594,9.24187183380127
1547,1,1000,1000,8.858421325683594,9.24187183380127
1548,1,1000,1000,8.858421325683594,9.24187183380127
1549,1,1000,1000,8.858421325683594,9.24187183380127
1550,1,1000,1000,8.858421325683594,9.24187183380127
1551,1,1000,1000,8.858413696289062,9.24187183380127
1552,1,1000,1000,8.858421325683594,9.24187183380127
1553,1,1000,1000,8.858421325683594,9.24187183380127
1554,1,1000,1000,8.858421325683594,9.24187183380127
1555,1,1000,1000,8.858421325683594,9.24187183380127
1556,1,1000,1000,8.858421325683594,9.24187183380127
1557,1,1000,1000,8.858413696289062,9.24187183380127
1558,1,1000,1000,8.858421325683594,9.24187183380127
1559,1,1000,1000,8.858421325683594,9.24187183380127
1560,1,1000,1000,8.858421325683594,9.24187183380127
1561,1,1000,1000,8.858421325683594,9.24187183380127
1562,1,1000,1000,8.858421325683594,9.24187183380127
1563,1,1000,1000,8.858421325683594,9.24187183380127
1564,1,1000,1000,8.858413696289062,9.24187183380127
1565,1,1000,1000,8.858421325683594,9.24187183380127
1566,1,1000,1000,8.858421325683594,9.24187183380127
