1,1,1000,1000,197.2799835205078,30.0
2,1,1000,1000,199.59866333007812,29.975475311279297
3,1,1000,1000,199.30836486816406,29.92667007446289
4,1,1000,1000,198.6787109375,29.85382843017578
5,1,1000,1000,198.1116943359375,29.757190704345703
6,1,1000,1000,197.55885314941406,29.636993408203125
7,1,1000,1000,197.00802612304688,29.493473052978516
8,1,1000,1000,196.4599609375,29.32686424255371
9,1,1000,1000,195.91497802734375,29.13739585876465
10,1,1000,1000,195.3731689453125,28.925296783447266
11,1,1000,1000,194.8343963623047,28.690793991088867
12,1,1000,1000,194.29859924316406,28.434110641479492
13,1,1000,1000,193.76593017578125,28.15546989440918
14,1,1000,1000,193.2362518310547,27.855091094970703
15,1,1000,1000,192.70956420898438,27.53318977355957
16,1,1000,1000,192.18585205078125,27.189983367919922
17,1,1000,1000,191.66510009765625,26.82568359375
18,1,1000,1000,191.1473388671875,26.440502166748047
19,1,1000,1000,190.63247680664062,26.03464698791504
20,1,1000,1000,190.1205291748047,25.608325958251953
21,1,1000,1000,189.61148071289062,25.1617431640625
22,1,1000,1000,189.10528564453125,24.695100784301758
23,1,1000,1000,188.60198974609375,24.208599090576172
24,1,1000,1000,188.1015625,23.702438354492188
25,1,1000,1000,187.6038818359375,23.17681312561035
26,1,1000,1000,187.10910034179688,22.631919860839844
27,1,1000,1000,186.6170196533203,22.067951202392578
28,1,1000,1000,186.1278076171875,21.485095977783203
29,1,1000,1000,185.641357421875,20.883544921875
30,1,1000,1000,185.15769958496094,20.263484954833984
31,1,1000,1000,184.6767120361328,19.625099182128906
32,1,1000,1000,184.19845581054688,18.96857261657715
33,1,1000,1000,183.722900390625,18.294086456298828
34,1,1000,1000,183.25003051757812,17.60181999206543
35,1,1000,1000,182.77984619140625,16.891950607299805
36,1,1000,1000,182.31231689453125,16.164655685424805
37,1,1000,1000,181.8474884033203,15.420108795166016
38,1,1000,1000,181.38523864746094,14.658482551574707
39,1,1000,1000,180.9256134033203,13.879947662353516
40,1,1000,1000,180.46856689453125,13.084672927856445
41,1,1000,1000,180.01416015625,12.272825241088867
42,1,1000,1000,179.56228637695312,11.444571495056152
43,1,1000,1000,179.11302185058594,10.600075721740723
44,1,1000,1000,178.666259765625,9.739500045776367
45,1,1000,1000,178.22203063964844,8.863004684448242
46,1,1000,1000,178.01553344726562,8.578380584716797
47,1,1000,1000,177.9778594970703,8.723734855651855
48,1,1000,1000,178.00201416015625,9.022008895874023
49,1,1000,1000,178.02462768554688,9.293240547180176
50,1,1000,1000,178.04507446289062,9.536837577819824
51,1,1000,1000,178.0654296875,9.753231048583984
52,1,1000,1000,178.08572387695312,9.942790985107422
53,1,1000,1000,178.10604858398438,10.105842590332031
54,1,1000,1000,178.12628173828125,10.242687225341797
55,1,1000,1000,178.14654541015625,10.353607177734375
56,1,1000,1000,178.16647338867188,10.438874244689941
57,1,1000,1000,178.18731689453125,10.49875259399414
58,1,1000,1000,178.20819091796875,10.533500671386719
59,1,1000,1000,178.2290496826172,10.54337215423584
60,1,1000,1000,178.24984741210938,10.528616905212402
61,1,1000,1000,178.2706298828125,10.489482879638672
62,1,1000,1000,178.2913360595703,10.426214218139648
63,1,1000,1000,178.31204223632812,10.3390531539917
64,1,1000,1000,178.33270263671875,10.228238105773926
65,1,1000,1000,178.3533477783203,10.094006538391113
66,1,1000,1000,178.37396240234375,9.936592102050781
67,1,1000,1000,178.39453125,9.756226539611816
68,1,1000,1000,178.41510009765625,9.553139686584473
69,1,1000,1000,178.43563842773438,9.327558517456055
70,1,1000,1000,178.45614624023438,9.079708099365234
71,1,1000,1000,178.46566772460938,9.02608871459961
72,1,1000,1000,178.46755981445312,9.094588279724121
73,1,1000,1000,178.4666748046875,9.193734169006348
74,1,1000,1000,178.4658203125,9.267496109008789
75,1,1000,1000,178.46514892578125,9.315864562988281
76,1,1000,1000,178.4644317626953,9.339143753051758
77,1,1000,1000,178.46371459960938,9.337616920471191
78,1,1000,1000,178.46298217773438,9.311552047729492
79,1,1000,1000,178.46231079101562,9.261205673217773
80,1,1000,1000,178.46206665039062,9.227195739746094
81,1,1000,1000,178.46194458007812,9.216546058654785
82,1,1000,1000,178.46133422851562,9.22240161895752
83,1,1000,1000,178.46067810058594,9.233918190002441
84,1,1000,1000,178.46044921875,9.243141174316406
85,1,1000,1000,178.46047973632812,9.247123718261719
86,1,1000,1000,178.46060180664062,9.246734619140625
87,1,1000,1000,178.460693359375,9.244352340698242
88,1,1000,1000,178.4607391357422,9.24205207824707
89,1,1000,1000,178.46078491210938,9.240823745727539
90,1,1000,1000,178.46078491210938,9.240679740905762
91,1,1000,1000,178.46078491210938,9.24113941192627
92,1,1000,1000,178.4607696533203,9.241697311401367
93,1,1000,1000,178.4608154296875,9.24205207824707
94,1,1000,1000,178.46078491210938,9.242149353027344
95,1,1000,1000,178.4608154296875,9.242074012756348
96,1,1000,1000,178.46078491210938,9.24194622039795
97,1,1000,1000,178.46078491210938,9.241848945617676
98,1,1000,1000,178.4607696533203,9.24181079864502
99,1,1000,1000,178.4608154296875,9.241819381713867
100,1,1000,1000,178.46078491210938,9.241847038269043
101,1,1000,1000,178.46078491210938,9.241872787475586
102,1,1000,1000,178.4607696533203,9.2418851852417
103,1,1000,1000,178.4608154296875,9.241886138916016
104,1,1000,1000,178.46078491210938,9.241880416870117
105,1,1000,1000,178.46078491210938,9.241873741149902
106,1,1000,1000,178.4607696533203,9.241869926452637
107,1,1000,1000,178.4608154296875,9.24186897277832
108,1,1000,1000,178.46078491210938,9.241869926452637
109,1,1000,1000,178.4607696533203,9.24187183380127
110,1,1000,1000,178.4608154296875,9.241872787475586
111,1,1000,1000,178.46078491210938,9.241872787475586
112,1,1000,1000,178.4607696533203,9.241872787475586
113,1,1000,1000,178.4608154296875,9.241872787475586
114,1,1000,1000,178.46078491210938,9.241872787475586
115,1,1000,1000,178.4607696533203,9.241872787475586
116,1,1000,1000,178.4608154296875,9.241872787475586
117,1,1000,1000,178.46078491210938,9.241872787475586
118,1,1000,1000,178.4607696533203,9.241872787475586
119,1,1000,1000,178.4608154296875,9.241872787475586
120,1,1000,1000,178.46078491210938,9.241872787475586
121,1,1000,1000,178.4607696533203,9.241872787475586
122,1,1000,1000,178.4608154296875,9.241872787475586
123,1,1000,1000,178.46078491210938,9.241872787475586
124,1,1000,1000,178.4607696533203,9.241872787475586
125,1,1000,1000,178.4608154296875,9.241872787475586
126,1,1000,1000,178.46078491210938,9.241872787475586
127,1,1000,1000,178.4607696533203,9.241872787475586
128,1,1000,1000,178.4608154296875,9.241872787475586
129,1,1000,1000,178.46078491210938,9.241872787475586
130,1,1000,1000,178.4607696533203,9.241872787475586
131,1,1000,1000,178.4608154296875,9.241872787475586
132,1,1000,1000,178.46078491210938,9.241872787475586
133,1,1000,1000,178.4607696533203,9.241872787475586
134,1,1000,1000,178.4608154296875,9.241872787475586
135,1,1000,1000,178.46078491210938,9.241872787475586
136,1,1000,1000,178.4607696533203,9.241872787475586
137,1,1000,1000,178.4608154296875,9.241872787475586
138,1,1000,1000,178.46078491210938,9.241872787475586
139,1,1000,1000,178.4607696533203,9.241872787475586
140,1,1000,1000,178.4608154296875,9.241872787475586
141,1,1000,1000,178.46078491210938,9.241872787475586
142,1,1000,1000,178.46078491210938,9.241872787475586
143,1,1000,1000,178.4608154296875,9.241872787475586
144,1,1000,1000,178.46078491210938,9.241872787475586
145,1,1000,1000,178.4607696533203,9.241872787475586
146,1,1000,1000,178.4608154296875,9.241872787475586
147,1,1000,1000,178.46078491210938,9.241872787475586
148,1,1000,1000,178.46078491210938,9.241872787475586
149,1,1000,1000,178.4608154296875,9.241872787475586
150,1,1000,1000,178.46078491210938,9.241872787475586
151,1,1000,1000,178.46078491210938,9.241872787475586
152,1,1000,1000,178.4608154296875,9.241872787475586
153,1,1000,1000,178.46078491210938,9.241872787475586
154,1,1000,1000,178.46078491210938,9.241872787475586
155,1,1000,1000,178.4608154296875,9.241872787475586
156,1,1000,1000,178.46078491210938,9.241872787475586
157,1,1000,1000,178.46078491210938,9.241872787475586
158,1,1000,1000,178.4608154296875,9.241872787475586
159,1,1000,1000,178.46078491210938,9.241872787475586
160,1,1000,1000,178.46078491210938,9.241872787475586
161,1,1000,1000,178.4608154296875,9.241872787475586
162,1,1000,1000,178.46078491210938,9.241872787475586
163,1,1000,1000,178.46078491210938,9.241872787475586
164,1,1000,1000,178.4608154296875,9.241872787475586
165,1,1000,1000,178.46078491210938,9.241872787475586
166,1,1000,1000,178.46078491210938,9.241872787475586
167,1,1000,1000,178.4608154296875,9.241872787475586
168,1,1000,1000,178.46078491210938,9.241872787475586
169,1,1000,1000,178.46078491210938,9.241872787475586
170,1,1000,1000,178.4608154296875,9.241872787475586
171,1,1000,1000,178.46078491210938,9.241872787475586
172,1,1000,1000,178.46078491210938,9.241872787475586
173,1,1000,1000,178.4608154296875,9.241872787475586
174,1,1000,1000,178.46078491210938,9.241872787475586
175,1,1000,1000,178.46078491210938,9.241872787475586
176,1,1000,1000,178.4608154296875,9.241872787475586
177,1,1000,1000,178.46078491210938,9.241872787475586
178,1,1000,1000,178.46078491210938,9.241872787475586
179,1,1000,1000,178.4608154296875,9.241872787475586
180,1,1000,1000,178.46078491210938,9.241872787475586
181,1,1000,1000,178.46078491210938,9.241872787475586
182,1,1000,1000,178.4608154296875,9.241872787475586
183,1,1000,1000,178.46078491210938,9.241872787475586
184,1,1000,1000,178.46078491210938,9.241872787475586
185,1,1000,1000,178.46080017089844,9.241872787475586
186,1,1000,1000,178.46078491210938,9.241872787475586
187,1,1000,1000,178.46080017089844,9.241872787475586
188,1,1000,1000,178.46078491210938,9.241872787475586
189,1,1000,1000,178.46080017089844,9.241872787475586
190,1,1000,1000,178.46078491210938,9.241872787475586
191,1,1000,1000,178.46078491210938,9.241872787475586
192,1,1000,1000,178.46078491210938,9.241872787475586
193,1,1000,1000,178.46078491210938,9.241872787475586
194,1,1000,1000,178.46078491210938,9.241872787475586
195,1,1000,1000,178.4608154296875,9.241872787475586
196,1,1000,1000,178.46078491210938,9.241872787475586
197,1,1000,1000,178.4607696533203,9.241872787475586
198,1,1000,1000,178.4608154296875,9.241872787475586
199,1,1000,1000,178.46078491210938,9.241872787475586
200,1,1000,1000,178.4607696533203,9.241872787475586
201,1,1000,1000,178.4608154296875,9.241872787475586
202,1,1000,1000,178.46078491210938,9.241872787475586
203,1,1000,1000,178.4607696533203,9.241872787475586
204,1,1000,1000,178.4608154296875,9.241872787475586
205,1,1000,1000,178.46078491210938,9.241872787475586
206,1,1000,1000,178.4607696533203,9.241872787475586
207,1,1000,1000,178.4608154296875,9.241872787475586
208,1,1000,1000,178.46078491210938,9.241872787475586
209,1,1000,1000,178.4607696533203,9.241872787475586
210,1,1000,1000,178.4608154296875,9.241872787475586
211,1,1000,1000,178.46078491210938,9.241872787475586
212,1,1000,1000,178.4607696533203,9.241872787475586
213,1,1000,1000,178.4608154296875,9.241872787475586
214,1,1000,1000,178.46078491210938,9.241872787475586
215,1,1000,1000,178.4607696533203,9.241872787475586
216,1,1000,1000,178.4608154296875,9.241872787475586
217,1,1000,1000,178.46078491210938,9.241872787475586
218,1,1000,1000,178.4607696533203,9.241872787475586
219,1,1000,1000,178.4608154296875,9.241872787475586
220,1,1000,1000,178.46078491210938,9.241872787475586
221,1,1000,1000,178.4607696533203,9.241872787475586
222,1,1000,1000,178.4608154296875,9.241872787475586
223,1,1000,1000,178.46078491210938,9.241872787475586
224,1,1000,1000,178.4607696533203,9.241872787475586
225,1,1000,1000,178.4608154296875,9.241872787475586
226,1,1000,1000,178.46078491210938,9.241872787475586
227,1,1000,1000,178.4607696533203,9.241872787475586
228,1,1000,1000,178.4608154296875,9.241872787475586
229,1,1000,1000,178.46078491210938,9.241872787475586
230,1,1000,1000,178.4607696533203,9.241872787475586
231,1,1000,1000,178.4608154296875,9.241872787475586
232,1,1000,1000,178.46078491210938,9.241872787475586
233,1,1000,1000,178.4607696533203,9.241872787475586
234,1,1000,1000,178.4608154296875,9.241872787475586
235,1,1000,1000,178.46078491210938,9.241872787475586
236,1,1000,1000,178.4607696533203,9.241872787475586
237,1,1000,1000,178.4608154296875,9.241872787475586
238,1,1000,1000,178.46078491210938,9.241872787475586
239,1,1000,1000,178.4607696533203,9.241872787475586
240,1,1000,1000,178.4608154296875,9.241872787475586
241,1,1000,1000,178.46078491210938,9.241872787475586
242,1,1000,1000,178.4607696533203,9.241872787475586
243,1,1000,1000,178.4608154296875,9.241872787475586
244,1,1000,1000,178.46078491210938,9.241872787475586
245,1,1000,1000,178.46078491210938,9.241872787475586
246,1,1000,1000,178.4608154296875,9.241872787475586
247,1,1000,1000,178.46078491210938,9.241872787475586
248,1,1000,1000,178.46078491210938,9.241872787475586
249,1,1000,1000,178.4608154296875,9.241872787475586
250,1,1000,1000,178.46078491210938,9.241872787475586
251,1,1000,1000,178.46078491210938,9.241872787475586
252,1,1000,1000,178.4608154296875,9.241872787475586
253,1,1000,1000,178.46078491210938,9.241872787475586
254,1,1000,1000,178.46078491210938,9.241872787475586
255,1,1000,1000,178.4608154296875,9.241872787475586
256,1,1000,1000,178.46078491210938,9.241872787475586
257,1,1000,1000,178.46078491210938,9.241872787475586
258,1,1000,1000,178.4608154296875,9.241872787475586
259,1,1000,1000,178.46078491210938,9.241872787475586
260,1,1000,1000,178.46078491210938,9.241872787475586
261,1,1000,1000,178.4608154296875,9.241872787475586
1,1,1000,1000,225.35491943359375,30.0
2,1,1000,1000,230.6995849609375,29.975475311279297
3,1,1000,1000,230.04110717773438,29.92667007446289
4,1,1000,1000,228.77110290527344,29.85382843017578
5,1,1000,1000,227.65213012695312,29.757190704345703
6,1,1000,1000,226.56646728515625,29.636993408203125
7,1,1000,1000,225.48435974121094,29.493473052978516
8,1,1000,1000,224.40745544433594,29.326862335205078
9,1,1000,1000,223.33665466308594,29.137393951416016
10,1,1000,1000,222.27194213867188,28.925294876098633
11,1,1000,1000,221.21327209472656,28.690792083740234
12,1,1000,1000,220.16064453125,28.43410873413086
13,1,1000,1000,219.11392211914062,28.155467987060547
14,1,1000,1000,218.07318115234375,27.85508918762207
15,1,1000,1000,217.0382843017578,27.533187866210938
16,1,1000,1000,216.0092315673828,27.18998146057129
17,1,1000,1000,214.98605346679688,26.825681686401367
18,1,1000,1000,213.96865844726562,26.440500259399414
19,1,1000,1000,212.95700073242188,26.034645080566406
20,1,1000,1000,211.95111083984375,25.60832405090332
21,1,1000,1000,210.95089721679688,25.161741256713867
22,1,1000,1000,209.95632934570312,24.695098876953125
