1,1,1000,1000,191.5504150390625,30.0
2,1,1000,1000,193.16082763671875,29.975475311279297
3,1,1000,1000,192.98182678222656,29.92667007446289
4,1,1000,1000,192.53997802734375,29.85382843017578
5,1,1000,1000,192.1397705078125,29.757190704345703
6,1,1000,1000,191.749267578125,29.636993408203125
7,1,1000,1000,191.36026000976562,29.493473052978516
8,1,1000,1000,190.97314453125,29.326862335205078
9,1,1000,1000,190.5882568359375,29.137393951416016
10,1,1000,1000,190.20559692382812,28.925294876098633
11,1,1000,1000,189.8250732421875,28.690792083740234
12,1,1000,1000,189.44667053222656,28.43410873413086
13,1,1000,1000,189.0703887939453,28.155467987060547
14,1,1000,1000,188.6962890625,27.85508918762207
15,1,1000,1000,188.32427978515625,27.533187866210938
16,1,1000,1000,187.954345703125,27.18998146057129
17,1,1000,1000,187.5865478515625,26.825681686401367
18,1,1000,1000,187.22085571289062,26.440500259399414
19,1,1000,1000,186.85719299316406,26.034645080566406
20,1,1000,1000,186.49559020996094,25.60832405090332
21,1,1000,1000,186.13601684570312,25.161741256713867
22,1,1000,1000,185.77870178222656,24.695098876953125
23,1,1000,1000,185.4234619140625,24.20859718322754
24,1,1000,1000,185.0703582763672,23.702436447143555
25,1,1000,1000,184.71929931640625,23.17681121826172
26,1,1000,1000,184.37033081054688,22.63191795349121
27,1,1000,1000,184.02337646484375,22.067949295043945
28,1,1000,1000,183.67840576171875,21.48509407043457
29,1,1000,1000,183.33541870117188,20.883543014526367
30,1,1000,1000,182.99432373046875,20.26348304748535
31,1,1000,1000,182.65521240234375,19.625097274780273
32,1,1000,1000,182.31802368164062,18.968570709228516
33,1,1000,1000,181.98275756835938,18.294084548950195
34,1,1000,1000,181.64944458007812,17.601818084716797
35,1,1000,1000,181.31793212890625,16.891948699951172
36,1,1000,1000,180.98834228515625,16.164653778076172
37,1,1000,1000,180.66070556640625,15.420106887817383
38,1,1000,1000,180.3348388671875,14.658480644226074
39,1,1000,1000,180.01083374023438,13.879945755004883
40,1,1000,1000,179.68862915039062,13.084671020507812
41,1,1000,1000,179.3682861328125,12.272823333740234
42,1,1000,1000,179.04977416992188,11.44456958770752
43,1,1000,1000,178.73306274414062,10.60007381439209
44,1,1000,1000,178.41815185546875,9.739498138427734
45,1,1000,1000,178.10501098632812,8.86300277709961
46,1,1000,1000,177.95956420898438,8.57837963104248
47,1,1000,1000,177.93368530273438,8.723734855651855
48,1,1000,1000,177.95159912109375,9.022008895874023
49,1,1000,1000,177.96841430664062,9.29323959350586
50,1,1000,1000,177.98374938964844,9.536836624145508
51,1,1000,1000,177.99899291992188,9.753230094909668
52,1,1000,1000,178.01419067382812,9.942790031433105
53,1,1000,1000,178.02932739257812,10.105841636657715
54,1,1000,1000,178.0445098876953,10.24268627166748
55,1,1000,1000,178.05967712402344,10.353606224060059
56,1,1000,1000,178.0748291015625,10.438873291015625
57,1,1000,1000,178.0899658203125,10.498751640319824
58,1,1000,1000,178.10508728027344,10.533498764038086
59,1,1000,1000,178.1201171875,10.543370246887207
60,1,1000,1000,178.13519287109375,10.52861499786377
61,1,1000,1000,178.1502685546875,10.489480972290039
62,1,1000,1000,178.16529846191406,10.426212310791016
63,1,1000,1000,178.18035888671875,10.339051246643066
64,1,1000,1000,178.19534301757812,10.228236198425293
65,1,1000,1000,178.21029663085938,10.09400463104248
66,1,1000,1000,178.2252197265625,9.936590194702148
67,1,1000,1000,178.24014282226562,9.756224632263184
68,1,1000,1000,178.25503540039062,9.55313777923584
69,1,1000,1000,178.2698974609375,9.327556610107422
70,1,1000,1000,178.28482055664062,9.079706192016602
71,1,1000,1000,178.29161071777344,9.026086807250977
72,1,1000,1000,178.29287719726562,9.094587326049805
73,1,1000,1000,178.29196166992188,9.193734169006348
74,1,1000,1000,178.29107666015625,9.267497062683105
75,1,1000,1000,178.29025268554688,9.315865516662598
76,1,1000,1000,178.2895050048828,9.33914566040039
77,1,1000,1000,178.2886505126953,9.33761978149414
78,1,1000,1000,178.28790283203125,9.311555862426758
79,1,1000,1000,178.287109375,9.261209487915039
80,1,1000,1000,178.2867431640625,9.226973533630371
81,1,1000,1000,178.2866668701172,9.216313362121582
82,1,1000,1000,178.2866973876953,9.222270011901855
83,1,1000,1000,178.2867431640625,9.23389720916748
84,1,1000,1000,178.28675842285156,9.243185997009277
85,1,1000,1000,178.28677368164062,9.24718189239502
86,1,1000,1000,178.28677368164062,9.246773719787598
87,1,1000,1000,178.28677368164062,9.244364738464355
88,1,1000,1000,178.28677368164062,9.242045402526855
89,1,1000,1000,178.28677368164062,9.240811347961426
90,1,1000,1000,178.28677368164062,9.240670204162598
91,1,1000,1000,178.28677368164062,9.241135597229004
92,1,1000,1000,178.28677368164062,9.241698265075684
93,1,1000,1000,178.28677368164062,9.242055892944336
94,1,1000,1000,178.28677368164062,9.24215316772461
95,1,1000,1000,178.28677368164062,9.24207592010498
96,1,1000,1000,178.28677368164062,9.24194622039795
97,1,1000,1000,178.28677368164062,9.24184799194336
98,1,1000,1000,178.28677368164062,9.241808891296387
99,1,1000,1000,178.28677368164062,9.241817474365234
100,1,1000,1000,178.28677368164062,9.241846084594727
101,1,1000,1000,178.28677368164062,9.24187183380127
102,1,1000,1000,178.28677368164062,9.2418851852417
103,1,1000,1000,178.28677368164062,9.241886138916016
104,1,1000,1000,178.28677368164062,9.241880416870117
105,1,1000,1000,178.28677368164062,9.241873741149902
106,1,1000,1000,178.28677368164062,9.241869926452637
107,1,1000,1000,178.28677368164062,9.24186897277832
108,1,1000,1000,178.28677368164062,9.241869926452637
109,1,1000,1000,178.28677368164062,9.24187183380127
110,1,1000,1000,178.28677368164062,9.241872787475586
111,1,1000,1000,178.28677368164062,9.241872787475586
112,1,1000,1000,178.28677368164062,9.241872787475586
113,1,1000,1000,178.28677368164062,9.241872787475586
114,1,1000,1000,178.28677368164062,9.241872787475586
115,1,1000,1000,178.28677368164062,9.241872787475586
116,1,1000,1000,178.28677368164062,9.241872787475586
117,1,1000,1000,178.28677368164062,9.241872787475586
118,1,1000,1000,178.28677368164062,9.241872787475586
119,1,1000,1000,178.28677368164062,9.241872787475586
120,1,1000,1000,178.28677368164062,9.241872787475586
121,1,1000,1000,178.28677368164062,9.241872787475586
122,1,1000,1000,178.28677368164062,9.241872787475586
123,1,1000,1000,178.28677368164062,9.241872787475586
124,1,1000,1000,178.28677368164062,9.241872787475586
125,1,1000,1000,178.28677368164062,9.241872787475586
126,1,1000,1000,178.28677368164062,9.241872787475586
127,1,1000,1000,178.28677368164062,9.241872787475586
128,1,1000,1000,178.28677368164062,9.241872787475586
129,1,1000,1000,178.28677368164062,9.241872787475586
130,1,1000,1000,178.28677368164062,9.241872787475586
131,1,1000,1000,178.28677368164062,9.241872787475586
132,1,1000,1000,178.28677368164062,9.241872787475586
133,1,1000,1000,178.28677368164062,9.241872787475586
134,1,1000,1000,178.28677368164062,9.241872787475586
135,1,1000,1000,178.28677368164062,9.241872787475586
136,1,1000,1000,178.28677368164062,9.241872787475586
137,1,1000,1000,178.28677368164062,9.241872787475586
138,1,1000,1000,178.28677368164062,9.241872787475586
139,1,1000,1000,178.28677368164062,9.241872787475586
140,1,1000,1000,178.28677368164062,9.241872787475586
141,1,1000,1000,178.28677368164062,9.241872787475586
142,1,1000,1000,178.28677368164062,9.241872787475586
143,1,1000,1000,178.28677368164062,9.241872787475586
144,1,1000,1000,178.28677368164062,9.241872787475586
145,1,1000,1000,178.28677368164062,9.241872787475586
146,1,1000,1000,178.28677368164062,9.241872787475586
147,1,1000,1000,178.28677368164062,9.241872787475586
148,1,1000,1000,178.28677368164062,9.241872787475586
149,1,1000,1000,178.28677368164062,9.241872787475586
150,1,1000,1000,178.28675842285156,9.241872787475586
151,1,1000,1000,178.28677368164062,9.241872787475586
152,1,1000,1000,178.28675842285156,9.241872787475586
153,1,1000,1000,178.28675842285156,9.241872787475586
154,1,1000,1000,178.28675842285156,9.241872787475586
155,1,1000,1000,178.28675842285156,9.241872787475586
156,1,1000,1000,178.28675842285156,9.241872787475586
157,1,1000,1000,178.28675842285156,9.241872787475586
158,1,1000,1000,178.28675842285156,9.241872787475586
159,1,1000,1000,178.28675842285156,9.241872787475586
160,1,1000,1000,178.28675842285156,9.241872787475586
161,1,1000,1000,178.28675842285156,9.241872787475586
162,1,1000,1000,178.28675842285156,9.241872787475586
163,1,1000,1000,178.28675842285156,9.241872787475586
164,1,1000,1000,178.28675842285156,9.241872787475586
165,1,1000,1000,178.28675842285156,9.241872787475586
166,1,1000,1000,178.28675842285156,9.241872787475586
167,1,1000,1000,178.28675842285156,9.241872787475586
168,1,1000,1000,178.28675842285156,9.241872787475586
169,1,1000,1000,178.28675842285156,9.241872787475586
170,1,1000,1000,178.28675842285156,9.241872787475586
171,1,1000,1000,178.28675842285156,9.241872787475586
172,1,1000,1000,178.28675842285156,9.241872787475586
173,1,1000,1000,178.28675842285156,9.241872787475586
174,1,1000,1000,178.28675842285156,9.241872787475586
175,1,1000,1000,178.28675842285156,9.241872787475586
176,1,1000,1000,178.28675842285156,9.241872787475586
177,1,1000,1000,178.28675842285156,9.241872787475586
178,1,1000,1000,178.28675842285156,9.241872787475586
179,1,1000,1000,178.28675842285156,9.241872787475586
180,1,1000,1000,178.28675842285156,9.241872787475586
181,1,1000,1000,178.28675842285156,9.241872787475586
182,1,1000,1000,178.28675842285156,9.241872787475586
183,1,1000,1000,178.28675842285156,9.241872787475586
184,1,1000,1000,178.28675842285156,9.241872787475586
185,1,1000,1000,178.28675842285156,9.241872787475586
186,1,1000,1000,178.28675842285156,9.241872787475586
187,1,1000,1000,178.28675842285156,9.241872787475586
188,1,1000,1000,178.28675842285156,9.241872787475586
189,1,1000,1000,178.28675842285156,9.241872787475586
190,1,1000,1000,178.28675842285156,9.241872787475586
191,1,1000,1000,178.28675842285156,9.241872787475586
192,1,1000,1000,178.28675842285156,9.241872787475586
193,1,1000,1000,178.28675842285156,9.241872787475586
194,1,1000,1000,178.28675842285156,9.241872787475586
195,1,1000,1000,178.28675842285156,9.241872787475586
196,1,1000,1000,178.28675842285156,9.241872787475586
197,1,1000,1000,178.28675842285156,9.241872787475586
198,1,1000,1000,178.28675842285156,9.241872787475586
199,1,1000,1000,178.28675842285156,9.241872787475586
200,1,1000,1000,178.28675842285156,9.241872787475586
201,1,1000,1000,178.28675842285156,9.241872787475586
202,1,1000,1000,178.28675842285156,9.241872787475586
203,1,1000,1000,178.28675842285156,9.241872787475586
204,1,1000,1000,178.28675842285156,9.241872787475586
205,1,1000,1000,178.28675842285156,9.241872787475586
206,1,1000,1000,178.28675842285156,9.241872787475586
207,1,1000,1000,178.28675842285156,9.241872787475586
208,1,1000,1000,178.28675842285156,9.241872787475586
209,1,1000,1000,178.28675842285156,9.241872787475586
210,1,1000,1000,178.28675842285156,9.241872787475586
211,1,1000,1000,178.28675842285156,9.241872787475586
212,1,1000,1000,178.28675842285156,9.241872787475586
213,1,1000,1000,178.28675842285156,9.241872787475586
214,1,1000,1000,178.28675842285156,9.241872787475586
215,1,1000,1000,178.28675842285156,9.241872787475586
216,1,1000,1000,178.28675842285156,9.241872787475586
217,1,1000,1000,178.28675842285156,9.241872787475586
218,1,1000,1000,178.28675842285156,9.241872787475586
219,1,1000,1000,178.28675842285156,9.241872787475586
220,1,1000,1000,178.28675842285156,9.241872787475586
221,1,1000,1000,178.28675842285156,9.241872787475586
222,1,1000,1000,178.28675842285156,9.241872787475586
223,1,1000,1000,178.28675842285156,9.241872787475586
224,1,1000,1000,178.28675842285156,9.241872787475586
225,1,1000,1000,178.28675842285156,9.241872787475586
226,1,1000,1000,178.28675842285156,9.241872787475586
227,1,1000,1000,178.28675842285156,9.241872787475586
228,1,1000,1000,178.28675842285156,9.241872787475586
229,1,1000,1000,178.28675842285156,9.241872787475586
230,1,1000,1000,178.2867431640625,9.241872787475586
231,1,1000,1000,178.2867431640625,9.241872787475586
232,1,1000,1000,178.2867431640625,9.241872787475586
233,1,1000,1000,178.2867431640625,9.241872787475586
234,1,1000,1000,178.2867431640625,9.241872787475586
235,1,1000,1000,178.2867431640625,9.241872787475586
236,1,1000,1000,178.2867431640625,9.241872787475586
237,1,1000,1000,178.2867431640625,9.241872787475586
238,1,1000,1000,178.2867431640625,9.241872787475586
239,1,1000,1000,178.2867431640625,9.241872787475586
240,1,1000,1000,178.2867431640625,9.241872787475586
241,1,1000,1000,178.2867431640625,9.241872787475586
242,1,1000,1000,178.2867431640625,9.241872787475586
243,1,1000,1000,178.2867431640625,9.241872787475586
244,1,1000,1000,178.2867431640625,9.241872787475586
245,1,1000,1000,178.2867431640625,9.241872787475586
246,1,1000,1000,178.2867431640625,9.241872787475586
247,1,1000,1000,178.2867431640625,9.241872787475586
248,1,1000,1000,178.2867431640625,9.241872787475586
249,1,1000,1000,178.2867431640625,9.241872787475586
250,1,1000,1000,178.2867431640625,9.241872787475586
251,1,1000,1000,178.2867431640625,9.241872787475586
252,1,1000,1000,178.2867431640625,9.241872787475586
253,1,1000,1000,178.2867431640625,9.241872787475586
254,1,1000,1000,178.2867431640625,9.241872787475586
255,1,1000,1000,178.2867431640625,9.241872787475586
256,1,1000,1000,178.2867431640625,9.241872787475586
257,1,1000,1000,178.2867431640625,9.241872787475586
258,1,1000,1000,178.2867431640625,9.241872787475586
259,1,1000,1000,178.2867431640625,9.241872787475586
260,1,1000,1000,178.2867431640625,9.241872787475586
261,1,1000,1000,178.2867431640625,9.241872787475586
262,1,1000,1000,178.2867431640625,9.241872787475586
263,1,1000,1000,178.2867431640625,9.241872787475586
264,1,1000,1000,178.2867431640625,9.241872787475586
265,1,1000,1000,178.2867431640625,9.241872787475586
266,1,1000,1000,178.2867431640625,9.241872787475586
267,1,1000,1000,178.2867431640625,9.241872787475586
268,1,1000,1000,178.2867431640625,9.241872787475586
269,1,1000,1000,178.2867431640625,9.241872787475586
270,1,1000,1000,178.2867431640625,9.241872787475586
271,1,1000,1000,178.2867431640625,9.241872787475586
272,1,1000,1000,178.2867431640625,9.241872787475586
273,1,1000,1000,178.2867431640625,9.241872787475586
274,1,1000,1000,178.2867431640625,9.241872787475586
275,1,1000,1000,178.2867431640625,9.241872787475586
276,1,1000,1000,178.2867431640625,9.241872787475586
277,1,1000,1000,178.2867431640625,9.241872787475586
278,1,1000,1000,178.2867431640625,9.241872787475586
279,1,1000,1000,178.2867431640625,9.241872787475586
280,1,1000,1000,178.2867431640625,9.241872787475586
281,1,1000,1000,178.2867431640625,9.241872787475586
282,1,1000,1000,178.2867431640625,9.241872787475586
283,1,1000,1000,178.2867431640625,9.241872787475586
284,1,1000,1000,178.2867431640625,9.241872787475586
285,1,1000,1000,178.2867431640625,9.241872787475586
286,1,1000,1000,178.2867431640625,9.241872787475586
287,1,1000,1000,178.2867431640625,9.241872787475586
288,1,1000,1000,178.2867431640625,9.241872787475586
289,1,1000,1000,178.2867431640625,9.241872787475586
290,1,1000,1000,178.2867431640625,9.241872787475586
291,1,1000,1000,178.2867431640625,9.241872787475586
292,1,1000,1000,178.2867431640625,9.241872787475586
293,1,1000,1000,178.2867431640625,9.241872787475586
294,1,1000,1000,178.28683471679688,9.241872787475586
295,1,1000,1000,178.28677368164062,9.241872787475586
296,1,1000,1000,178.2867431640625,9.241872787475586
297,1,1000,1000,178.2867431640625,9.241872787475586
298,1,1000,1000,178.28665161132812,9.241872787475586
299,1,1000,1000,178.28662109375,9.241872787475586
300,1,1000,1000,178.28668212890625,9.241872787475586
301,1,1000,1000,178.28672790527344,9.241872787475586
302,1,1000,1000,178.28668212890625,9.241872787475586
303,1,1000,1000,178.2869415283203,9.241872787475586
304,1,1000,1000,178.2872314453125,9.241872787475586
305,1,1000,1000,178.28768920898438,9.241872787475586
306,1,1000,1000,178.28857421875,9.241872787475586
307,1,1000,1000,178.2897186279297,9.241872787475586
308,1,1000,1000,178.2910614013672,9.241872787475586
309,1,1000,1000,178.29257202148438,9.241872787475586
310,1,1000,1000,178.294189453125,9.241872787475586
311,1,1000,1000,178.29586791992188,9.241872787475586
312,1,1000,1000,178.29757690429688,9.241872787475586
313,1,1000,1000,178.29913330078125,9.241872787475586
314,1,1000,1000,178.30068969726562,9.241872787475586
315,1,1000,1000,178.30227661132812,9.241872787475586
316,1,1000,1000,178.3040771484375,9.241872787475586
317,1,1000,1000,178.30581665039062,9.241872787475586
318,1,1000,1000,178.3075408935547,9.241872787475586
319,1,1000,1000,178.309326171875,9.241872787475586
320,1,1000,1000,178.31112670898438,9.241872787475586
321,1,1000,1000,178.31292724609375,9.241872787475586
322,1,1000,1000,178.31451416015625,9.241872787475586
323,1,1000,1000,178.316162109375,9.241872787475586
324,1,1000,1000,178.31805419921875,9.241872787475586
325,1,1000,1000,178.31993103027344,9.241872787475586
326,1,1000,1000,178.3216552734375,9.241872787475586
327,1,1000,1000,178.32342529296875,9.241872787475586
328,1,1000,1000,178.32528686523438,9.241872787475586
329,1,1000,1000,178.32708740234375,9.241872787475586
330,1,1000,1000,178.3286895751953,9.241872787475586
331,1,1000,1000,178.3304443359375,9.241872787475586
332,1,1000,1000,178.33224487304688,9.241872787475586
333,1,1000,1000,178.33407592773438,9.241872787475586
334,1,1000,1000,178.33590698242188,9.241872787475586
335,1,1000,1000,178.33761596679688,9.241872787475586
336,1,1000,1000,178.33937072753906,9.241872787475586
337,1,1000,1000,178.34092712402344,9.241872787475586
338,1,1000,1000,178.34268188476562,9.241872787475586
339,1,1000,1000,178.34451293945312,9.241872787475586
340,1,1000,1000,178.3463134765625,9.241872787475586
341,1,1000,1000,178.3480224609375,9.241872787475586
342,1,1000,1000,178.34982299804688,9.241872787475586
343,1,1000,1000,178.35150146484375,9.241872787475586
344,1,1000,1000,178.35330200195312,9.241872787475586
345,1,1000,1000,178.35513305664062,9.241872787475586
346,1,1000,1000,178.35696411132812,9.241872787475586
347,1,1000,1000,178.3587646484375,9.241872787475586
348,1,1000,1000,178.36050415039062,9.241872787475586
349,1,1000,1000,178.36231994628906,9.241872787475586
350,1,1000,1000,178.36407470703125,9.241872787475586
351,1,1000,1000,178.36570739746094,9.241872787475586
352,1,1000,1000,178.36753845214844,9.241872787475586
353,1,1000,1000,178.36972045898438,9.241872787475586
354,1,1000,1000,178.37164306640625,9.241872787475586
355,1,1000,1000,178.37393188476562,9.241872787475586
356,1,1000,1000,178.37644958496094,9.241872787475586
357,1,1000,1000,178.3793182373047,9.241872787475586
358,1,1000,1000,178.38232421875,9.241872787475586
359,1,1000,1000,178.385498046875,9.241872787475586
360,1,1000,1000,178.3889617919922,9.241872787475586
361,1,1000,1000,178.39244079589844,9.241872787475586
362,1,1000,1000,178.39590454101562,9.241872787475586
363,1,1000,1000,178.3994140625,9.241872787475586
364,1,1000,1000,178.4029083251953,9.241872787475586
365,1,1000,1000,178.40640258789062,9.241872787475586
366,1,1000,1000,178.40997314453125,9.241872787475586
367,1,1000,1000,178.41357421875,9.241872787475586
368,1,1000,1000,178.4170684814453,9.241872787475586
369,1,1000,1000,178.42076110839844,9.241872787475586
370,1,1000,1000,178.42431640625,9.241872787475586
371,1,1000,1000,178.42791748046875,9.241872787475586
372,1,1000,1000,178.431396484375,9.241872787475586
373,1,1000,1000,178.4347686767578,9.241872787475586
374,1,1000,1000,178.43826293945312,9.241872787475586
375,1,1000,1000,178.44171142578125,9.241872787475586
376,1,1000,1000,178.4451904296875,9.241872787475586
377,1,1000,1000,178.44876098632812,9.241872787475586
378,1,1000,1000,178.45257568359375,9.241872787475586
379,1,1000,1000,178.45643615722656,9.241872787475586
380,1,1000,1000,178.4604949951172,9.241872787475586
381,1,1000,1000,178.46470642089844,9.241872787475586
382,1,1000,1000,178.46939086914062,9.241872787475586
383,1,1000,1000,178.4741973876953,9.241872787475586
384,1,1000,1000,178.47903442382812,9.241872787475586
385,1,1000,1000,178.48416137695312,9.241872787475586
386,1,1000,1000,178.4891815185547,9.241872787475586
387,1,1000,1000,178.49435424804688,9.241872787475586
388,1,1000,1000,178.49954223632812,9.241872787475586
389,1,1000,1000,178.5050048828125,9.241872787475586
390,1,1000,1000,178.5101318359375,9.241872787475586
391,1,1000,1000,178.51551818847656,9.241872787475586
392,1,1000,1000,178.52066040039062,9.241872787475586
393,1,1000,1000,178.52581787109375,9.241872787475586
394,1,1000,1000,178.53103637695312,9.241872787475586
395,1,1000,1000,178.5362548828125,9.241872787475586
396,1,1000,1000,178.54156494140625,9.241872787475586
397,1,1000,1000,178.5467987060547,9.241872787475586
398,1,1000,1000,178.55206298828125,9.241872787475586
399,1,1000,1000,178.55731201171875,9.24187183380127
400,1,1000,1000,178.56268310546875,9.24187183380127
401,1,1000,1000,178.5679931640625,9.24187183380127
402,1,1000,1000,178.57330322265625,9.24187183380127
403,1,1000,1000,178.57872009277344,9.24187183380127
404,1,1000,1000,178.58395385742188,9.24187183380127
405,1,1000,1000,178.58941650390625,9.24187183380127
406,1,1000,1000,178.59487915039062,9.24187183380127
407,1,1000,1000,178.59890747070312,9.24187183380127
408,1,1000,1000,178.60223388671875,9.24187183380127
409,1,1000,1000,178.60525512695312,9.24187183380127
410,1,1000,1000,178.60830688476562,9.24187183380127
411,1,1000,1000,178.61138916015625,9.24187183380127
412,1,1000,1000,178.6144561767578,9.24187183380127
413,1,1000,1000,178.61732482910156,9.24187183380127
414,1,1000,1000,178.61895751953125,9.24187183380127
415,1,1000,1000,178.61968994140625,9.24187183380127
416,1,1000,1000,178.620361328125,9.24187183380127
417,1,1000,1000,178.62103271484375,9.24187183380127
418,1,1000,1000,178.62149047851562,9.24187183380127
419,1,1000,1000,178.62074279785156,9.24187183380127
420,1,1000,1000,178.61917114257812,9.24187183380127
421,1,1000,1000,178.61720275878906,9.24187183380127
422,1,1000,1000,178.61514282226562,9.24187183380127
423,1,1000,1000,178.6129608154297,9.24187183380127
424,1,1000,1000,178.6106414794922,9.24187183380127
425,1,1000,1000,178.60818481445312,9.24187183380127
426,1,1000,1000,178.60552978515625,9.24187183380127
427,1,1000,1000,178.60296630859375,9.24187183380127
428,1,1000,1000,178.599365234375,9.24187183380127
429,1,1000,1000,178.59494018554688,9.24187183380127
430,1,1000,1000,178.5902099609375,9.24187183380127
431,1,1000,1000,178.58535766601562,9.24187183380127
432,1,1000,1000,178.58056640625,9.24187183380127
433,1,1000,1000,178.57559204101562,9.24187183380127
434,1,1000,1000,178.57044982910156,9.24187183380127
435,1,1000,1000,178.5653076171875,9.24187183380127
436,1,1000,1000,178.56008911132812,9.24187183380127
437,1,1000,1000,178.55474853515625,9.24187183380127
438,1,1000,1000,178.54933166503906,9.24187183380127
439,1,1000,1000,178.54409790039062,9.24187183380127
440,1,1000,1000,178.5386962890625,9.24187183380127
441,1,1000,1000,178.5333709716797,9.24187183380127
442,1,1000,1000,178.52813720703125,9.24187183380127
443,1,1000,1000,178.522705078125,9.24187183380127
444,1,1000,1000,178.51731872558594,9.24187183380127
445,1,1000,1000,178.51206970214844,9.24187183380127
446,1,1000,1000,178.5067138671875,9.24187183380127
447,1,1000,1000,178.5012664794922,9.24187183380127
448,1,1000,1000,178.4958953857422,9.24187183380127
449,1,1000,1000,178.49057006835938,9.24187183380127
450,1,1000,1000,178.4852752685547,9.24187183380127
451,1,1000,1000,178.47994995117188,9.24187183380127
452,1,1000,1000,178.47451782226562,9.24187183380127
453,1,1000,1000,178.4691162109375,9.24187183380127
454,1,1000,1000,178.46377563476562,9.24187183380127
455,1,1000,1000,178.45843505859375,9.24187183380127
456,1,1000,1000,178.453125,9.24187183380127
457,1,1000,1000,178.44772338867188,9.24187183380127
458,1,1000,1000,178.4425506591797,9.24187183380127
459,1,1000,1000,178.43719482421875,9.24187183380127
460,1,1000,1000,178.43186950683594,9.24187183380127
461,1,1000,1000,178.42660522460938,9.24187183380127
462,1,1000,1000,178.42129516601562,9.24187183380127
463,1,1000,1000,178.41610717773438,9.24187183380127
464,1,1000,1000,178.41082763671875,9.24187183380127
465,1,1000,1000,178.404296875,9.24187183380127
466,1,1000,1000,178.39724731445312,9.24187183380127
467,1,1000,1000,178.38973999023438,9.24187183380127
468,1,1000,1000,178.38229370117188,9.24187183380127
469,1,1000,1000,178.37478637695312,9.24187183380127
470,1,1000,1000,178.36727905273438,9.24187183380127
471,1,1000,1000,178.3596649169922,9.24187183380127
472,1,1000,1000,178.35182189941406,9.24187183380127
473,1,1000,1000,178.3439178466797,9.24187183380127
474,1,1000,1000,178.3360595703125,9.24187183380127
475,1,1000,1000,178.32821655273438,9.24187183380127
476,1,1000,1000,178.32046508789062,9.24187183380127
477,1,1000,1000,178.31268310546875,9.24187183380127
478,1,1000,1000,178.30477905273438,9.24187183380127
479,1,1000,1000,178.29678344726562,9.24187183380127
480,1,1000,1000,178.28884887695312,9.24187183380127
481,1,1000,1000,178.28114318847656,9.24187183380127
482,1,1000,1000,178.273193359375,9.24187183380127
483,1,1000,1000,178.26513671875,9.24187183380127
484,1,1000,1000,178.2572784423828,9.24187183380127
485,1,1000,1000,178.2494354248047,9.24187183380127
486,1,1000,1000,178.24148559570312,9.24187183380127
487,1,1000,1000,178.23361206054688,9.24187183380127
488,1,1000,1000,178.22576904296875,9.24187183380127
489,1,1000,1000,178.21775817871094,9.24187183380127
490,1,1000,1000,178.20986938476562,9.24187183380127
491,1,1000,1000,178.20193481445312,9.24187183380127
492,1,1000,1000,178.19403076171875,9.24187183380127
493,1,1000,1000,178.1861572265625,9.24187183380127
494,1,1000,1000,178.17822265625,9.24187183380127
495,1,1000,1000,178.17022705078125,9.24187183380127
496,1,1000,1000,178.16241455078125,9.24187183380127
497,1,1000,1000,178.15447998046875,9.24187183380127
498,1,1000,1000,178.14669799804688,9.24187183380127
499,1,1000,1000,178.13870239257812,9.24187183380127
500,1,1000,1000,178.130615234375,9.24187183380127
501,1,1000,1000,178.1226043701172,9.24187183380127
502,1,1000,1000,178.11460876464844,9.24187183380127
503,1,1000,1000,178.10678100585938,9.24187183380127
504,1,1000,1000,178.09881591796875,9.24187183380127
505,1,1000,1000,178.091064453125,9.24187183380127
506,1,1000,1000,178.0831756591797,9.24187183380127
507,1,1000,1000,178.0753173828125,9.24187183380127
508,1,1000,1000,178.0675048828125,9.24187183380127
509,1,1000,1000,178.0595703125,9.24187183380127
510,1,1000,1000,178.05172729492188,9.241872787475586
511,1,1000,1000,178.04373168945312,9.241872787475586
512,1,1000,1000,178.03582763671875,9.241872787475586
513,1,1000,1000,178.02783203125,9.241872787475586
514,1,1000,1000,178.01998901367188,9.241872787475586
515,1,1000,1000,178.01199340820312,9.241872787475586
516,1,1000,1000,178.00405883789062,9.241872787475586
517,1,1000,1000,177.9962158203125,9.241872787475586
518,1,1000,1000,177.98831176757812,9.241872787475586
519,1,1000,1000,177.9803466796875,9.24187183380127
520,1,1000,1000,177.97239685058594,9.24187183380127
521,1,1000,1000,177.96461486816406,9.24187183380127
522,1,1000,1000,177.95672607421875,9.24187183380127
523,1,1000,1000,177.94883728027344,9.24187183380127
524,1,1000,1000,177.9409942626953,9.24187183380127
525,1,1000,1000,177.93304443359375,9.24187183380127
526,1,1000,1000,177.92514038085938,9.24187183380127
527,1,1000,1000,177.9171142578125,9.24187183380127
528,1,1000,1000,177.90933227539062,9.24187183380127
529,1,1000,1000,177.90142822265625,9.24187183380127
530,1,1000,1000,177.8934783935547,9.24187183380127
531,1,1000,1000,177.88551330566406,9.24187183380127
532,1,1000,1000,177.8775634765625,9.24187183380127
533,1,1000,1000,177.86956787109375,9.24187183380127
534,1,1000,1000,177.86160278320312,9.24187183380127
535,1,1000,1000,177.85365295410156,9.24187183380127
536,1,1000,1000,177.8455810546875,9.24187183380127
537,1,1000,1000,177.83761596679688,9.24187183380127
538,1,1000,1000,177.8297119140625,9.24187183380127
539,1,1000,1000,177.82156372070312,9.24187183380127
540,1,1000,1000,177.81472778320312,9.24187183380127
541,1,1000,1000,177.80868530273438,9.24187183380127
542,1,1000,1000,177.80282592773438,9.24187183380127
543,1,1000,1000,177.79701232910156,9.24187183380127
544,1,1000,1000,177.79129028320312,9.24187183380127
545,1,1000,1000,177.78573608398438,9.24187183380127
546,1,1000,1000,177.78025817871094,9.24187183380127
547,1,1000,1000,177.77587890625,9.24187183380127
548,1,1000,1000,177.77236938476562,9.24187183380127
549,1,1000,1000,177.76904296875,9.24187183380127
550,1,1000,1000,177.76620483398438,9.24187183380127
551,1,1000,1000,177.76318359375,9.24187183380127
552,1,1000,1000,177.76028442382812,9.24187183380127
553,1,1000,1000,177.75753784179688,9.24187183380127
554,1,1000,1000,177.7547149658203,9.24187183380127
555,1,1000,1000,177.75302124023438,9.24187183380127
556,1,1000,1000,177.75216674804688,9.24187183380127
557,1,1000,1000,177.75155639648438,9.24187183380127
558,1,1000,1000,177.75079345703125,9.24187183380127
559,1,1000,1000,177.75033569335938,9.24187183380127
560,1,1000,1000,177.75,9.24187183380127
561,1,1000,1000,177.74993896484375,9.24187183380127
562,1,1000,1000,177.7498779296875,9.24187183380127
563,1,1000,1000,177.74984741210938,9.24187183380127
564,1,1000,1000,177.74981689453125,9.24187183380127
565,1,1000,1000,177.74981689453125,9.24187183380127
566,1,1000,1000,177.74981689453125,9.24187183380127
567,1,1000,1000,177.74981689453125,9.24187183380127
568,1,1000,1000,177.74981689453125,9.24187183380127
569,1,1000,1000,177.74981689453125,9.24187183380127
570,1,1000,1000,177.7498321533203,9.24187183380127
571,1,1000,1000,177.7498321533203,9.24187183380127
572,1,1000,1000,177.7498321533203,9.24187183380127
573,1,1000,1000,177.7498321533203,9.24187183380127
574,1,1000,1000,177.7498321533203,9.24187183380127
575,1,1000,1000,177.74984741210938,9.24187183380127
576,1,1000,1000,177.74984741210938,9.24187183380127
577,1,1000,1000,177.74984741210938,9.24187183380127
578,1,1000,1000,177.74984741210938,9.24187183380127
579,1,1000,1000,177.74984741210938,9.24187183380127
580,1,1000,1000,177.74984741210938,9.24187183380127
581,1,1000,1000,177.74984741210938,9.24187183380127
582,1,1000,1000,177.74984741210938,9.24187183380127
583,1,1000,1000,177.74984741210938,9.24187183380127
584,1,1000,1000,177.74984741210938,9.24187183380127
585,1,1000,1000,177.74984741210938,9.24187183380127
586,1,1000,1000,177.74984741210938,9.24187183380127
587,1,1000,1000,177.74984741210938,9.24187183380127
588,1,1000,1000,177.74984741210938,9.24187183380127
589,1,1000,1000,177.74984741210938,9.24187183380127
590,1,1000,1000,177.74984741210938,9.24187183380127
591,1,1000,1000,177.74984741210938,9.24187183380127
592,1,1000,1000,177.74984741210938,9.24187183380127
593,1,1000,1000,177.74984741210938,9.24187183380127
594,1,1000,1000,177.74984741210938,9.24187183380127
595,1,1000,1000,177.74984741210938,9.24187183380127
596,1,1000,1000,177.74984741210938,9.24187183380127
597,1,1000,1000,177.74986267089844,9.24187183380127
598,1,1000,1000,177.74986267089844,9.24187183380127
599,1,1000,1000,177.74986267089844,9.24187183380127
600,1,1000,1000,177.74986267089844,9.24187183380127
601,1,1000,1000,177.74986267089844,9.24187183380127
602,1,1000,1000,177.74986267089844,9.24187183380127
603,1,1000,1000,177.74986267089844,9.24187183380127
604,1,1000,1000,177.74986267089844,9.24187183380127
605,1,1000,1000,177.7498779296875,9.24187183380127
606,1,1000,1000,177.7498779296875,9.24187183380127
607,1,1000,1000,177.7498779296875,9.24187183380127
608,1,1000,1000,177.7498779296875,9.24187183380127
609,1,1000,1000,177.7498779296875,9.24187183380127
610,1,1000,1000,177.7498779296875,9.24187183380127
611,1,1000,1000,177.7498779296875,9.24187183380127
612,1,1000,1000,177.7498779296875,9.24187183380127
613,1,1000,1000,177.7498779296875,9.24187183380127
614,1,1000,1000,177.7498779296875,9.24187183380127
615,1,1000,1000,177.7498779296875,9.24187183380127
616,1,1000,1000,177.7498779296875,9.24187183380127
617,1,1000,1000,177.7498779296875,9.24187183380127
618,1,1000,1000,177.7498779296875,9.24187183380127
619,1,1000,1000,177.7498779296875,9.24187183380127
620,1,1000,1000,177.7498779296875,9.24187183380127
621,1,1000,1000,177.7498779296875,9.24187183380127
622,1,1000,1000,177.7498779296875,9.24187183380127
623,1,1000,1000,177.7498779296875,9.24187183380127
624,1,1000,1000,177.7498779296875,9.24187183380127
625,1,1000,1000,177.7498779296875,9.24187183380127
626,1,1000,1000,177.7498779296875,9.24187183380127
627,1,1000,1000,177.7498779296875,9.24187183380127
628,1,1000,1000,177.7498779296875,9.24187183380127
629,1,1000,1000,177.7498779296875,9.24187183380127
630,1,1000,1000,177.7498779296875,9.24187183380127
631,1,1000,1000,177.7498779296875,9.24187183380127
632,1,1000,1000,177.7498779296875,9.24187183380127
633,1,1000,1000,177.7498779296875,9.24187183380127
634,1,1000,1000,177.7498779296875,9.24187183380127
635,1,1000,1000,177.7498779296875,9.24187183380127
636,1,1000,1000,177.7498779296875,9.24187183380127
637,1,1000,1000,177.74989318847656,9.24187183380127
638,1,1000,1000,177.74989318847656,9.24187183380127
639,1,1000,1000,177.74989318847656,9.24187183380127
640,1,1000,1000,177.74989318847656,9.24187183380127
641,1,1000,1000,177.74989318847656,9.24187183380127
642,1,1000,1000,177.74989318847656,9.24187183380127
643,1,1000,1000,177.74989318847656,9.24187183380127
644,1,1000,1000,177.74989318847656,9.24187183380127
645,1,1000,1000,177.74989318847656,9.24187183380127
646,1,1000,1000,177.74990844726562,9.24187183380127
647,1,1000,1000,177.74990844726562,9.24187183380127
648,1,1000,1000,177.74990844726562,9.24187183380127
649,1,1000,1000,177.74990844726562,9.24187183380127
650,1,1000,1000,177.74990844726562,9.24187183380127
651,1,1000,1000,177.74990844726562,9.24187183380127
652,1,1000,1000,177.74990844726562,9.24187183380127
653,1,1000,1000,177.74990844726562,9.24187183380127
654,1,1000,1000,177.74990844726562,9.24187183380127
655,1,1000,1000,177.74990844726562,9.24187183380127
656,1,1000,1000,177.74990844726562,9.24187183380127
657,1,1000,1000,177.74990844726562,9.24187183380127
658,1,1000,1000,177.74990844726562,9.24187183380127
659,1,1000,1000,177.74990844726562,9.24187183380127
660,1,1000,1000,177.74990844726562,9.24187183380127
661,1,1000,1000,177.74960327148438,9.24187183380127
662,1,1000,1000,177.74972534179688,9.24187183380127
663,1,1000,1000,177.7496337890625,9.24187183380127
664,1,1000,1000,177.74984741210938,9.24187183380127
665,1,1000,1000,177.749755859375,9.24187183380127
666,1,1000,1000,177.74972534179688,9.24187183380127
667,1,1000,1000,177.7498779296875,9.24187183380127
668,1,1000,1000,177.74996948242188,9.24187183380127
669,1,1000,1000,177.75013732910156,9.24187183380127
670,1,1000,1000,177.75021362304688,9.24187183380127
671,1,1000,1000,177.750244140625,9.24187183380127
672,1,1000,1000,177.75022888183594,9.24187183380127
673,1,1000,1000,177.75022888183594,9.24187183380127
674,1,1000,1000,177.75022888183594,9.24187183380127
675,1,1000,1000,177.750244140625,9.24187183380127
676,1,1000,1000,177.75025939941406,9.24187183380127
677,1,1000,1000,177.75027465820312,9.24187183380127
678,1,1000,1000,177.75018310546875,9.24187183380127
