1,1,1000,1000,205.87435913085938,30.0
2,1,1000,1000,209.2119140625,29.975475311279297
3,1,1000,1000,208.7777862548828,29.92667007446289
4,1,1000,1000,207.89540100097656,29.85382843017578
5,1,1000,1000,207.10568237304688,29.757190704345703
6,1,1000,1000,206.3366241455078,29.636993408203125
7,1,1000,1000,205.57029724121094,29.493473052978516
8,1,1000,1000,204.80780029296875,29.326862335205078
9,1,1000,1000,204.049560546875,29.137393951416016
10,1,1000,1000,203.2957305908203,28.925294876098633
11,1,1000,1000,202.54617309570312,28.690792083740234
12,1,1000,1000,201.80075073242188,28.43410873413086
13,1,1000,1000,201.05966186523438,28.155467987060547
14,1,1000,1000,200.32272338867188,27.85508918762207
15,1,1000,1000,199.5899658203125,27.533187866210938
16,1,1000,1000,198.861328125,27.18998146057129
17,1,1000,1000,198.1368408203125,26.825681686401367
18,1,1000,1000,197.41641235351562,26.440500259399414
19,1,1000,1000,196.70008850097656,26.034645080566406
20,1,1000,1000,195.98780822753906,25.60832405090332
21,1,1000,1000,195.27957153320312,25.161741256713867
22,1,1000,1000,194.5753936767578,24.695098876953125
23,1,1000,1000,193.87533569335938,24.20859718322754
24,1,1000,1000,193.17938232421875,23.702436447143555
25,1,1000,1000,192.48741149902344,23.17681121826172
26,1,1000,1000,191.79946899414062,22.63191795349121
27,1,1000,1000,191.115478515625,22.067949295043945
28,1,1000,1000,190.4353790283203,21.48509407043457
29,1,1000,1000,189.75918579101562,20.883543014526367
30,1,1000,1000,189.08676147460938,20.26348304748535
31,1,1000,1000,188.4182586669922,19.625097274780273
32,1,1000,1000,187.75347900390625,18.968570709228516
33,1,1000,1000,187.092529296875,18.294084548950195
34,1,1000,1000,186.435302734375,17.601818084716797
35,1,1000,1000,185.7818603515625,16.891948699951172
36,1,1000,1000,185.1320343017578,16.164653778076172
37,1,1000,1000,184.48599243164062,15.420106887817383
38,1,1000,1000,183.84353637695312,14.658480644226074
39,1,1000,1000,183.2047119140625,13.879945755004883
40,1,1000,1000,182.56954956054688,13.084671020507812
41,1,1000,1000,181.93795776367188,12.272823333740234
42,1,1000,1000,181.30996704101562,11.44456958770752
43,1,1000,1000,180.68553161621094,10.60007381439209
44,1,1000,1000,180.06459045410156,9.739498138427734
45,1,1000,1000,179.447265625,8.86300277709961
46,1,1000,1000,179.16009521484375,8.57837963104248
47,1,1000,1000,179.10916137695312,8.723734855651855
48,1,1000,1000,179.14456176757812,9.022008895874023
49,1,1000,1000,179.177734375,9.29323959350586
50,1,1000,1000,179.20770263671875,9.536835670471191
51,1,1000,1000,179.23744201660156,9.753229141235352
52,1,1000,1000,179.2670440673828,9.942788124084473
53,1,1000,1000,179.29647827148438,10.105839729309082
54,1,1000,1000,179.32574462890625,10.242683410644531
55,1,1000,1000,179.35488891601562,10.35360336303711
56,1,1000,1000,179.38385009765625,10.438870429992676
57,1,1000,1000,179.41262817382812,10.498747825622559
58,1,1000,1000,179.44122314453125,10.53349494934082
59,1,1000,1000,179.4698486328125,10.543365478515625
60,1,1000,1000,179.49835205078125,10.528610229492188
61,1,1000,1000,179.52688598632812,10.489476203918457
62,1,1000,1000,179.55535888671875,10.426207542419434
63,1,1000,1000,179.58383178710938,10.339045524597168
64,1,1000,1000,179.61221313476562,10.228230476379395
65,1,1000,1000,179.640625,10.093997955322266
66,1,1000,1000,179.6689453125,9.936582565307617
67,1,1000,1000,179.69723510742188,9.756217002868652
68,1,1000,1000,179.7254638671875,9.553129196166992
69,1,1000,1000,179.75372314453125,9.327548027038574
70,1,1000,1000,179.78192138671875,9.079697608947754
71,1,1000,1000,179.7950897216797,9.026082992553711
72,1,1000,1000,179.79742431640625,9.094587326049805
73,1,1000,1000,179.79583740234375,9.19373607635498
74,1,1000,1000,179.79432678222656,9.267500877380371
75,1,1000,1000,179.79296875,9.315872192382812
76,1,1000,1000,179.79161071777344,9.339154243469238
77,1,1000,1000,179.79025268554688,9.337630271911621
78,1,1000,1000,179.7888946533203,9.311568260192871
79,1,1000,1000,179.78758239746094,9.261223793029785
80,1,1000,1000,179.786865234375,9.226982116699219
81,1,1000,1000,179.78680419921875,9.216315269470215
82,1,1000,1000,179.78680419921875,9.222268104553223
83,1,1000,1000,179.7868194580078,9.233894348144531
84,1,1000,1000,179.78683471679688,9.243184089660645
85,1,1000,1000,179.78683471679688,9.247180938720703
86,1,1000,1000,179.78683471679688,9.246773719787598
87,1,1000,1000,179.78683471679688,9.244364738464355
88,1,1000,1000,179.78683471679688,9.242045402526855
89,1,1000,1000,179.78683471679688,9.240811347961426
90,1,1000,1000,179.78683471679688,9.240670204162598
91,1,1000,1000,179.78683471679688,9.241135597229004
92,1,1000,1000,179.78683471679688,9.241698265075684
93,1,1000,1000,179.78683471679688,9.242055892944336
94,1,1000,1000,179.78683471679688,9.24215316772461
95,1,1000,1000,179.78683471679688,9.24207592010498
96,1,1000,1000,179.78683471679688,9.24194622039795
97,1,1000,1000,179.78683471679688,9.24184799194336
98,1,1000,1000,179.78683471679688,9.241809844970703
99,1,1000,1000,179.78683471679688,9.24181842803955
100,1,1000,1000,179.78683471679688,9.241847038269043
101,1,1000,1000,179.78683471679688,9.241872787475586
102,1,1000,1000,179.78683471679688,9.2418851852417
103,1,1000,1000,179.78683471679688,9.241886138916016
104,1,1000,1000,179.78683471679688,9.241880416870117
105,1,1000,1000,179.78683471679688,9.241873741149902
106,1,1000,1000,179.78683471679688,9.241869926452637
107,1,1000,1000,179.78683471679688,9.24186897277832
108,1,1000,1000,179.78683471679688,9.241869926452637
109,1,1000,1000,179.78683471679688,9.24187183380127
110,1,1000,1000,179.78683471679688,9.241872787475586
111,1,1000,1000,179.78683471679688,9.241872787475586
112,1,1000,1000,179.78683471679688,9.241872787475586
113,1,1000,1000,179.78683471679688,9.241872787475586
114,1,1000,1000,179.78683471679688,9.241872787475586
115,1,1000,1000,179.78683471679688,9.241872787475586
116,1,1000,1000,179.78683471679688,9.241872787475586
117,1,1000,1000,179.78683471679688,9.241872787475586
118,1,1000,1000,179.78683471679688,9.241872787475586
119,1,1000,1000,179.78683471679688,9.241872787475586
120,1,1000,1000,179.78683471679688,9.241872787475586
121,1,1000,1000,179.78683471679688,9.241872787475586
122,1,1000,1000,179.78683471679688,9.241872787475586
123,1,1000,1000,179.78683471679688,9.241872787475586
124,1,1000,1000,179.78683471679688,9.241872787475586
125,1,1000,1000,179.78683471679688,9.241872787475586
126,1,1000,1000,179.78683471679688,9.241872787475586
127,1,1000,1000,179.78683471679688,9.241872787475586
128,1,1000,1000,179.78683471679688,9.241872787475586
129,1,1000,1000,179.78683471679688,9.241872787475586
130,1,1000,1000,179.78683471679688,9.241872787475586
131,1,1000,1000,179.78683471679688,9.241872787475586
132,1,1000,1000,179.78683471679688,9.241872787475586
133,1,1000,1000,179.78683471679688,9.241872787475586
134,1,1000,1000,179.78683471679688,9.241872787475586
135,1,1000,1000,179.78683471679688,9.241872787475586
136,1,1000,1000,179.78683471679688,9.241872787475586
137,1,1000,1000,179.78683471679688,9.241872787475586
138,1,1000,1000,179.78683471679688,9.241872787475586
139,1,1000,1000,179.78683471679688,9.241872787475586
140,1,1000,1000,179.78683471679688,9.241872787475586
141,1,1000,1000,179.78683471679688,9.241872787475586
142,1,1000,1000,179.78683471679688,9.241872787475586
143,1,1000,1000,179.78683471679688,9.241872787475586
144,1,1000,1000,179.78683471679688,9.241872787475586
145,1,1000,1000,179.78683471679688,9.241872787475586
146,1,1000,1000,179.78683471679688,9.241872787475586
147,1,1000,1000,179.78683471679688,9.241872787475586
148,1,1000,1000,179.78683471679688,9.241872787475586
149,1,1000,1000,179.78683471679688,9.241872787475586
150,1,1000,1000,179.78683471679688,9.241872787475586
151,1,1000,1000,179.78683471679688,9.241872787475586
152,1,1000,1000,179.78683471679688,9.241872787475586
153,1,1000,1000,179.78683471679688,9.241872787475586
154,1,1000,1000,179.78683471679688,9.241872787475586
155,1,1000,1000,179.78683471679688,9.241872787475586
156,1,1000,1000,179.78683471679688,9.241872787475586
157,1,1000,1000,179.78683471679688,9.241872787475586
158,1,1000,1000,179.78683471679688,9.241872787475586
159,1,1000,1000,179.78683471679688,9.241872787475586
160,1,1000,1000,179.78683471679688,9.241872787475586
161,1,1000,1000,179.78683471679688,9.241872787475586
162,1,1000,1000,179.78683471679688,9.241872787475586
163,1,1000,1000,179.78683471679688,9.241872787475586
164,1,1000,1000,179.78683471679688,9.241872787475586
165,1,1000,1000,179.78683471679688,9.241872787475586
166,1,1000,1000,179.78683471679688,9.241872787475586
167,1,1000,1000,179.78683471679688,9.241872787475586
168,1,1000,1000,179.78683471679688,9.241872787475586
169,1,1000,1000,179.78683471679688,9.241872787475586
170,1,1000,1000,179.78683471679688,9.241872787475586
171,1,1000,1000,179.78683471679688,9.241872787475586
172,1,1000,1000,179.78683471679688,9.241872787475586
173,1,1000,1000,179.78683471679688,9.241872787475586
174,1,1000,1000,179.78683471679688,9.241872787475586
175,1,1000,1000,179.78683471679688,9.241872787475586
176,1,1000,1000,179.78683471679688,9.241872787475586
177,1,1000,1000,179.78683471679688,9.241872787475586
178,1,1000,1000,179.78683471679688,9.241872787475586
179,1,1000,1000,179.78683471679688,9.241872787475586
180,1,1000,1000,179.78683471679688,9.241872787475586
181,1,1000,1000,179.78683471679688,9.241872787475586
182,1,1000,1000,179.78683471679688,9.241872787475586
183,1,1000,1000,179.78683471679688,9.241872787475586
184,1,1000,1000,179.78683471679688,9.241872787475586
185,1,1000,1000,179.78683471679688,9.241872787475586
186,1,1000,1000,179.78683471679688,9.241872787475586
187,1,1000,1000,179.78683471679688,9.241872787475586
188,1,1000,1000,179.78683471679688,9.241872787475586
189,1,1000,1000,179.78683471679688,9.241872787475586
190,1,1000,1000,179.78683471679688,9.241872787475586
191,1,1000,1000,179.78683471679688,9.241872787475586
192,1,1000,1000,179.78683471679688,9.241872787475586
193,1,1000,1000,179.78683471679688,9.241872787475586
194,1,1000,1000,179.78683471679688,9.241872787475586
195,1,1000,1000,179.78683471679688,9.241872787475586
196,1,1000,1000,179.78683471679688,9.241872787475586
197,1,1000,1000,179.78683471679688,9.241872787475586
198,1,1000,1000,179.78683471679688,9.241872787475586
199,1,1000,1000,179.78683471679688,9.241872787475586
200,1,1000,1000,179.78683471679688,9.241872787475586
201,1,1000,1000,179.78683471679688,9.241872787475586
202,1,1000,1000,179.78683471679688,9.241872787475586
203,1,1000,1000,179.78683471679688,9.241872787475586
204,1,1000,1000,179.78683471679688,9.241872787475586
205,1,1000,1000,179.78683471679688,9.241872787475586
206,1,1000,1000,179.78683471679688,9.241872787475586
207,1,1000,1000,179.78683471679688,9.241872787475586
208,1,1000,1000,179.78683471679688,9.241872787475586
209,1,1000,1000,179.78683471679688,9.241872787475586
210,1,1000,1000,179.78683471679688,9.241872787475586
211,1,1000,1000,179.78683471679688,9.241872787475586
212,1,1000,1000,179.78683471679688,9.241872787475586
213,1,1000,1000,179.78683471679688,9.241872787475586
214,1,1000,1000,179.78683471679688,9.241872787475586
215,1,1000,1000,179.78683471679688,9.241872787475586
216,1,1000,1000,179.78683471679688,9.241872787475586
217,1,1000,1000,179.78683471679688,9.241872787475586
218,1,1000,1000,179.78683471679688,9.241872787475586
219,1,1000,1000,179.78683471679688,9.241872787475586
220,1,1000,1000,179.78683471679688,9.241872787475586
221,1,1000,1000,179.78683471679688,9.241872787475586
222,1,1000,1000,179.78683471679688,9.241872787475586
223,1,1000,1000,179.78683471679688,9.241872787475586
224,1,1000,1000,179.78683471679688,9.241872787475586
225,1,1000,1000,179.78683471679688,9.241872787475586
226,1,1000,1000,179.78683471679688,9.241872787475586
227,1,1000,1000,179.78683471679688,9.241872787475586
228,1,1000,1000,179.78683471679688,9.241872787475586
229,1,1000,1000,179.78683471679688,9.241872787475586
230,1,1000,1000,179.78683471679688,9.241872787475586
231,1,1000,1000,179.78683471679688,9.241872787475586
232,1,1000,1000,179.78683471679688,9.241872787475586
233,1,1000,1000,179.78683471679688,9.241872787475586
234,1,1000,1000,179.78683471679688,9.241872787475586
235,1,1000,1000,179.78683471679688,9.241872787475586
236,1,1000,1000,179.78683471679688,9.241872787475586
237,1,1000,1000,179.78683471679688,9.241872787475586
238,1,1000,1000,179.78683471679688,9.241872787475586
239,1,1000,1000,179.78683471679688,9.241872787475586
240,1,1000,1000,179.78683471679688,9.241872787475586
241,1,1000,1000,179.78683471679688,9.241872787475586
242,1,1000,1000,179.78683471679688,9.241872787475586
243,1,1000,1000,179.78683471679688,9.241872787475586
244,1,1000,1000,179.78683471679688,9.241872787475586
245,1,1000,1000,179.78683471679688,9.241872787475586
246,1,1000,1000,179.78683471679688,9.241872787475586
247,1,1000,1000,179.78683471679688,9.241872787475586
248,1,1000,1000,179.78683471679688,9.241872787475586
249,1,1000,1000,179.78683471679688,9.241872787475586
250,1,1000,1000,179.78683471679688,9.241872787475586
251,1,1000,1000,179.78683471679688,9.241872787475586
252,1,1000,1000,179.78683471679688,9.241872787475586
253,1,1000,1000,179.78683471679688,9.241872787475586
254,1,1000,1000,179.78683471679688,9.241872787475586
255,1,1000,1000,179.78683471679688,9.241872787475586
256,1,1000,1000,179.78683471679688,9.241872787475586
257,1,1000,1000,179.78683471679688,9.241872787475586
258,1,1000,1000,179.78683471679688,9.241872787475586
259,1,1000,1000,179.78683471679688,9.241872787475586
260,1,1000,1000,179.78683471679688,9.241872787475586
261,1,1000,1000,179.78683471679688,9.241872787475586
262,1,1000,1000,179.78683471679688,9.241872787475586
263,1,1000,1000,179.78683471679688,9.241872787475586
264,1,1000,1000,179.78683471679688,9.241872787475586
265,1,1000,1000,179.78683471679688,9.241872787475586
266,1,1000,1000,179.78683471679688,9.241872787475586
267,1,1000,1000,179.78683471679688,9.241872787475586
268,1,1000,1000,179.78683471679688,9.241872787475586
269,1,1000,1000,179.78683471679688,9.241872787475586
270,1,1000,1000,179.78683471679688,9.241872787475586
271,1,1000,1000,179.78683471679688,9.241872787475586
272,1,1000,1000,179.78683471679688,9.241872787475586
273,1,1000,1000,179.78683471679688,9.241872787475586
274,1,1000,1000,179.78683471679688,9.241872787475586
275,1,1000,1000,179.78683471679688,9.241872787475586
276,1,1000,1000,179.78683471679688,9.241872787475586
277,1,1000,1000,179.78683471679688,9.241872787475586
278,1,1000,1000,179.78683471679688,9.241872787475586
279,1,1000,1000,179.78683471679688,9.241872787475586
280,1,1000,1000,179.78683471679688,9.241872787475586
281,1,1000,1000,179.78683471679688,9.241872787475586
282,1,1000,1000,179.78683471679688,9.241872787475586
283,1,1000,1000,179.78683471679688,9.241872787475586
284,1,1000,1000,179.78683471679688,9.241872787475586
285,1,1000,1000,179.78683471679688,9.241872787475586
286,1,1000,1000,179.78683471679688,9.241872787475586
287,1,1000,1000,179.78683471679688,9.241872787475586
288,1,1000,1000,179.78683471679688,9.241872787475586
289,1,1000,1000,179.78683471679688,9.241872787475586
290,1,1000,1000,179.78683471679688,9.241872787475586
291,1,1000,1000,179.78683471679688,9.241872787475586
292,1,1000,1000,179.78683471679688,9.241872787475586
293,1,1000,1000,179.78683471679688,9.241872787475586
294,1,1000,1000,179.78683471679688,9.241872787475586
295,1,1000,1000,179.78683471679688,9.241872787475586
296,1,1000,1000,179.78683471679688,9.241872787475586
297,1,1000,1000,179.78683471679688,9.241872787475586
298,1,1000,1000,179.78683471679688,9.241872787475586
299,1,1000,1000,179.78683471679688,9.241872787475586
300,1,1000,1000,179.78683471679688,9.241872787475586
301,1,1000,1000,179.78683471679688,9.241872787475586
302,1,1000,1000,179.78683471679688,9.241872787475586
303,1,1000,1000,179.78684997558594,9.241872787475586
304,1,1000,1000,179.78684997558594,9.241872787475586
305,1,1000,1000,179.78684997558594,9.241872787475586
306,1,1000,1000,179.78684997558594,9.241872787475586
307,1,1000,1000,179.78684997558594,9.241872787475586
308,1,1000,1000,179.78684997558594,9.241872787475586
309,1,1000,1000,179.78684997558594,9.241872787475586
310,1,1000,1000,179.78684997558594,9.241872787475586
311,1,1000,1000,179.78684997558594,9.241872787475586
312,1,1000,1000,179.78684997558594,9.241872787475586
313,1,1000,1000,179.78684997558594,9.241872787475586
314,1,1000,1000,179.78684997558594,9.241872787475586
315,1,1000,1000,179.78684997558594,9.241872787475586
316,1,1000,1000,179.78684997558594,9.241872787475586
317,1,1000,1000,179.78684997558594,9.241872787475586
318,1,1000,1000,179.78684997558594,9.241872787475586
319,1,1000,1000,179.78684997558594,9.241872787475586
320,1,1000,1000,179.78684997558594,9.241872787475586
321,1,1000,1000,179.78684997558594,9.241872787475586
322,1,1000,1000,179.78684997558594,9.241872787475586
323,1,1000,1000,179.78684997558594,9.241872787475586
324,1,1000,1000,179.78684997558594,9.241872787475586
325,1,1000,1000,179.78684997558594,9.241872787475586
326,1,1000,1000,179.78684997558594,9.241872787475586
327,1,1000,1000,179.78684997558594,9.241872787475586
328,1,1000,1000,179.78684997558594,9.241872787475586
329,1,1000,1000,179.78684997558594,9.241872787475586
330,1,1000,1000,179.78684997558594,9.241872787475586
331,1,1000,1000,179.78684997558594,9.241872787475586
332,1,1000,1000,179.78684997558594,9.241872787475586
333,1,1000,1000,179.78684997558594,9.241872787475586
334,1,1000,1000,179.78684997558594,9.241872787475586
335,1,1000,1000,179.78684997558594,9.241872787475586
336,1,1000,1000,179.78684997558594,9.241872787475586
337,1,1000,1000,179.78684997558594,9.241872787475586
338,1,1000,1000,179.78684997558594,9.241872787475586
339,1,1000,1000,179.78684997558594,9.241872787475586
340,1,1000,1000,179.78684997558594,9.241872787475586
341,1,1000,1000,179.78684997558594,9.241872787475586
342,1,1000,1000,179.78684997558594,9.241872787475586
343,1,1000,1000,179.78684997558594,9.241872787475586
344,1,1000,1000,179.78684997558594,9.241872787475586
345,1,1000,1000,179.78684997558594,9.241872787475586
346,1,1000,1000,179.78684997558594,9.241872787475586
347,1,1000,1000,179.78684997558594,9.241872787475586
348,1,1000,1000,179.78684997558594,9.241872787475586
349,1,1000,1000,179.78684997558594,9.241872787475586
350,1,1000,1000,179.78684997558594,9.241872787475586
351,1,1000,1000,179.78684997558594,9.241872787475586
352,1,1000,1000,179.78684997558594,9.241872787475586
353,1,1000,1000,179.78684997558594,9.241872787475586
354,1,1000,1000,179.78684997558594,9.241872787475586
355,1,1000,1000,179.78684997558594,9.241872787475586
356,1,1000,1000,179.78684997558594,9.241872787475586
357,1,1000,1000,179.78684997558594,9.241872787475586
358,1,1000,1000,179.78684997558594,9.241872787475586
359,1,1000,1000,179.78684997558594,9.241872787475586
360,1,1000,1000,179.78684997558594,9.241872787475586
361,1,1000,1000,179.78684997558594,9.241872787475586
362,1,1000,1000,179.78684997558594,9.241872787475586
363,1,1000,1000,179.78684997558594,9.241872787475586
364,1,1000,1000,179.78684997558594,9.241872787475586
365,1,1000,1000,179.78684997558594,9.241872787475586
366,1,1000,1000,179.78684997558594,9.241872787475586
367,1,1000,1000,179.78684997558594,9.241872787475586
368,1,1000,1000,179.78684997558594,9.241872787475586
369,1,1000,1000,179.78684997558594,9.241872787475586
370,1,1000,1000,179.78684997558594,9.241872787475586
371,1,1000,1000,179.78684997558594,9.241872787475586
372,1,1000,1000,179.78684997558594,9.241872787475586
373,1,1000,1000,179.78684997558594,9.241872787475586
374,1,1000,1000,179.78684997558594,9.241872787475586
375,1,1000,1000,179.78684997558594,9.241872787475586
376,1,1000,1000,179.78684997558594,9.241872787475586
377,1,1000,1000,179.78684997558594,9.241872787475586
378,1,1000,1000,179.78684997558594,9.241872787475586
379,1,1000,1000,179.78684997558594,9.241872787475586
380,1,1000,1000,179.78684997558594,9.241872787475586
381,1,1000,1000,179.78684997558594,9.241872787475586
382,1,1000,1000,179.78684997558594,9.241872787475586
383,1,1000,1000,179.78684997558594,9.241872787475586
384,1,1000,1000,179.78684997558594,9.241872787475586
385,1,1000,1000,179.78684997558594,9.241872787475586
386,1,1000,1000,179.78684997558594,9.241872787475586
387,1,1000,1000,179.78684997558594,9.241872787475586
388,1,1000,1000,179.78684997558594,9.241872787475586
389,1,1000,1000,179.78684997558594,9.241872787475586
390,1,1000,1000,179.78684997558594,9.241872787475586
391,1,1000,1000,179.78684997558594,9.241872787475586
392,1,1000,1000,179.78684997558594,9.241872787475586
393,1,1000,1000,179.78684997558594,9.241872787475586
394,1,1000,1000,179.78684997558594,9.241872787475586
395,1,1000,1000,179.78684997558594,9.241872787475586
396,1,1000,1000,179.78684997558594,9.241872787475586
397,1,1000,1000,179.78684997558594,9.241872787475586
398,1,1000,1000,179.78684997558594,9.241872787475586
399,1,1000,1000,179.78684997558594,9.241872787475586
400,1,1000,1000,179.78684997558594,9.241872787475586
401,1,1000,1000,179.78684997558594,9.241872787475586
402,1,1000,1000,179.78684997558594,9.241872787475586
403,1,1000,1000,179.78684997558594,9.241872787475586
404,1,1000,1000,179.78684997558594,9.241872787475586
405,1,1000,1000,179.78684997558594,9.241872787475586
406,1,1000,1000,179.78684997558594,9.241872787475586
407,1,1000,1000,179.786865234375,9.241872787475586
408,1,1000,1000,179.786865234375,9.241872787475586
409,1,1000,1000,179.786865234375,9.241872787475586
410,1,1000,1000,179.786865234375,9.241872787475586
411,1,1000,1000,179.786865234375,9.241872787475586
412,1,1000,1000,179.786865234375,9.241872787475586
413,1,1000,1000,179.786865234375,9.241872787475586
414,1,1000,1000,179.786865234375,9.241872787475586
415,1,1000,1000,179.786865234375,9.241872787475586
416,1,1000,1000,179.786865234375,9.241872787475586
417,1,1000,1000,179.786865234375,9.241872787475586
418,1,1000,1000,179.786865234375,9.241872787475586
419,1,1000,1000,179.786865234375,9.241872787475586
420,1,1000,1000,179.786865234375,9.241872787475586
421,1,1000,1000,179.786865234375,9.241872787475586
422,1,1000,1000,179.786865234375,9.241872787475586
423,1,1000,1000,179.786865234375,9.241872787475586
424,1,1000,1000,179.786865234375,9.241872787475586
425,1,1000,1000,179.786865234375,9.241872787475586
426,1,1000,1000,179.786865234375,9.241872787475586
427,1,1000,1000,179.786865234375,9.241872787475586
428,1,1000,1000,179.786865234375,9.241872787475586
429,1,1000,1000,179.786865234375,9.241872787475586
430,1,1000,1000,179.786865234375,9.241872787475586
431,1,1000,1000,179.786865234375,9.241872787475586
432,1,1000,1000,179.786865234375,9.241872787475586
433,1,1000,1000,179.786865234375,9.241872787475586
434,1,1000,1000,179.786865234375,9.241872787475586
435,1,1000,1000,179.786865234375,9.241872787475586
436,1,1000,1000,179.786865234375,9.241872787475586
437,1,1000,1000,179.786865234375,9.241872787475586
438,1,1000,1000,179.786865234375,9.241872787475586
439,1,1000,1000,179.786865234375,9.241872787475586
440,1,1000,1000,179.786865234375,9.241872787475586
441,1,1000,1000,179.786865234375,9.241872787475586
442,1,1000,1000,179.786865234375,9.241872787475586
443,1,1000,1000,179.786865234375,9.241872787475586
444,1,1000,1000,179.786865234375,9.241872787475586
445,1,1000,1000,179.786865234375,9.241872787475586
446,1,1000,1000,179.786865234375,9.241872787475586
447,1,1000,1000,179.786865234375,9.241872787475586
448,1,1000,1000,179.786865234375,9.241872787475586
449,1,1000,1000,179.786865234375,9.241872787475586
450,1,1000,1000,179.786865234375,9.241872787475586
451,1,1000,1000,179.786865234375,9.241872787475586
452,1,1000,1000,179.786865234375,9.241872787475586
453,1,1000,1000,179.786865234375,9.241872787475586
454,1,1000,1000,179.786865234375,9.241872787475586
455,1,1000,1000,179.786865234375,9.241872787475586
456,1,1000,1000,179.786865234375,9.241872787475586
457,1,1000,1000,179.786865234375,9.241872787475586
458,1,1000,1000,179.786865234375,9.241872787475586
459,1,1000,1000,179.786865234375,9.241872787475586
460,1,1000,1000,179.786865234375,9.241872787475586
461,1,1000,1000,179.786865234375,9.241872787475586
462,1,1000,1000,179.786865234375,9.241872787475586
463,1,1000,1000,179.786865234375,9.241872787475586
464,1,1000,1000,179.786865234375,9.241872787475586
465,1,1000,1000,179.786865234375,9.241872787475586
466,1,1000,1000,179.786865234375,9.241872787475586
467,1,1000,1000,179.786865234375,9.241872787475586
468,1,1000,1000,179.786865234375,9.241872787475586
469,1,1000,1000,179.786865234375,9.241872787475586
470,1,1000,1000,179.786865234375,9.241872787475586
471,1,1000,1000,179.786865234375,9.241872787475586
472,1,1000,1000,179.786865234375,9.241872787475586
473,1,1000,1000,179.786865234375,9.241872787475586
474,1,1000,1000,179.786865234375,9.241872787475586
475,1,1000,1000,179.786865234375,9.241872787475586
476,1,1000,1000,179.786865234375,9.241872787475586
477,1,1000,1000,179.786865234375,9.241872787475586
478,1,1000,1000,179.786865234375,9.241872787475586
479,1,1000,1000,179.786865234375,9.241872787475586
480,1,1000,1000,179.786865234375,9.241872787475586
481,1,1000,1000,179.786865234375,9.241872787475586
482,1,1000,1000,179.786865234375,9.241872787475586
483,1,1000,1000,179.786865234375,9.241872787475586
484,1,1000,1000,179.786865234375,9.241872787475586
485,1,1000,1000,179.786865234375,9.241872787475586
486,1,1000,1000,179.786865234375,9.241872787475586
487,1,1000,1000,179.786865234375,9.241872787475586
488,1,1000,1000,179.786865234375,9.241872787475586
489,1,1000,1000,179.786865234375,9.241872787475586
490,1,1000,1000,179.786865234375,9.241872787475586
491,1,1000,1000,179.786865234375,9.241872787475586
492,1,1000,1000,179.786865234375,9.241872787475586
493,1,1000,1000,179.786865234375,9.241872787475586
494,1,1000,1000,179.786865234375,9.241872787475586
495,1,1000,1000,179.786865234375,9.241872787475586
496,1,1000,1000,179.786865234375,9.241872787475586
497,1,1000,1000,179.786865234375,9.241872787475586
498,1,1000,1000,179.786865234375,9.241872787475586
499,1,1000,1000,179.786865234375,9.241872787475586
500,1,1000,1000,179.786865234375,9.241872787475586
501,1,1000,1000,179.786865234375,9.241872787475586
502,1,1000,1000,179.786865234375,9.241872787475586
503,1,1000,1000,179.786865234375,9.241872787475586
504,1,1000,1000,179.786865234375,9.241872787475586
505,1,1000,1000,179.786865234375,9.241872787475586
506,1,1000,1000,179.786865234375,9.241872787475586
507,1,1000,1000,179.786865234375,9.241872787475586
508,1,1000,1000,179.786865234375,9.241872787475586
509,1,1000,1000,179.786865234375,9.241872787475586
510,1,1000,1000,179.786865234375,9.241872787475586
511,1,1000,1000,179.786865234375,9.241872787475586
512,1,1000,1000,179.786865234375,9.241872787475586
513,1,1000,1000,179.786865234375,9.241872787475586
514,1,1000,1000,179.786865234375,9.241872787475586
515,1,1000,1000,179.786865234375,9.241872787475586
516,1,1000,1000,179.786865234375,9.241872787475586
517,1,1000,1000,179.786865234375,9.241872787475586
518,1,1000,1000,179.786865234375,9.241872787475586
519,1,1000,1000,179.786865234375,9.241872787475586
520,1,1000,1000,179.786865234375,9.241872787475586
521,1,1000,1000,179.786865234375,9.241872787475586
522,1,1000,1000,179.786865234375,9.241872787475586
523,1,1000,1000,179.786865234375,9.241872787475586
524,1,1000,1000,179.786865234375,9.241872787475586
525,1,1000,1000,179.786865234375,9.241872787475586
526,1,1000,1000,179.786865234375,9.241872787475586
527,1,1000,1000,179.786865234375,9.241872787475586
528,1,1000,1000,179.786865234375,9.241872787475586
529,1,1000,1000,179.786865234375,9.241872787475586
530,1,1000,1000,179.786865234375,9.241872787475586
531,1,1000,1000,179.786865234375,9.241872787475586
532,1,1000,1000,179.786865234375,9.241872787475586
533,1,1000,1000,179.786865234375,9.241872787475586
534,1,1000,1000,179.786865234375,9.241872787475586
535,1,1000,1000,179.786865234375,9.241872787475586
536,1,1000,1000,179.786865234375,9.241872787475586
537,1,1000,1000,179.786865234375,9.241872787475586
538,1,1000,1000,179.786865234375,9.241872787475586
539,1,1000,1000,179.786865234375,9.241872787475586
540,1,1000,1000,179.786865234375,9.241872787475586
541,1,1000,1000,179.786865234375,9.241872787475586
542,1,1000,1000,179.786865234375,9.241872787475586
543,1,1000,1000,179.786865234375,9.241872787475586
544,1,1000,1000,179.786865234375,9.241872787475586
545,1,1000,1000,179.786865234375,9.241872787475586
546,1,1000,1000,179.786865234375,9.241872787475586
547,1,1000,1000,179.786865234375,9.241872787475586
548,1,1000,1000,179.786865234375,9.241872787475586
549,1,1000,1000,179.786865234375,9.241872787475586
550,1,1000,1000,179.786865234375,9.241872787475586
551,1,1000,1000,179.786865234375,9.241872787475586
552,1,1000,1000,179.786865234375,9.241872787475586
553,1,1000,1000,179.786865234375,9.241872787475586
554,1,1000,1000,179.786865234375,9.241872787475586
555,1,1000,1000,179.786865234375,9.241872787475586
556,1,1000,1000,179.786865234375,9.241872787475586
557,1,1000,1000,179.786865234375,9.241872787475586
558,1,1000,1000,179.786865234375,9.241872787475586
559,1,1000,1000,179.786865234375,9.241872787475586
560,1,1000,1000,179.786865234375,9.241872787475586
561,1,1000,1000,179.786865234375,9.241872787475586
562,1,1000,1000,179.786865234375,9.241872787475586
563,1,1000,1000,179.786865234375,9.241872787475586
564,1,1000,1000,179.786865234375,9.241872787475586
565,1,1000,1000,179.786865234375,9.241872787475586
566,1,1000,1000,179.786865234375,9.241872787475586
567,1,1000,1000,179.786865234375,9.241872787475586
568,1,1000,1000,179.786865234375,9.241872787475586
569,1,1000,1000,179.786865234375,9.241872787475586
570,1,1000,1000,179.786865234375,9.241872787475586
571,1,1000,1000,179.786865234375,9.241872787475586
572,1,1000,1000,179.786865234375,9.241872787475586
573,1,1000,1000,179.786865234375,9.241872787475586
574,1,1000,1000,179.786865234375,9.241872787475586
575,1,1000,1000,179.786865234375,9.241872787475586
576,1,1000,1000,179.786865234375,9.241872787475586
577,1,1000,1000,179.786865234375,9.241872787475586
578,1,1000,1000,179.786865234375,9.241872787475586
579,1,1000,1000,179.786865234375,9.241872787475586
580,1,1000,1000,179.786865234375,9.241872787475586
581,1,1000,1000,179.786865234375,9.241872787475586
582,1,1000,1000,179.786865234375,9.241872787475586
583,1,1000,1000,179.786865234375,9.241872787475586
584,1,1000,1000,179.786865234375,9.241872787475586
585,1,1000,1000,179.786865234375,9.241872787475586
586,1,1000,1000,179.786865234375,9.241872787475586
587,1,1000,1000,179.786865234375,9.241872787475586
588,1,1000,1000,179.786865234375,9.241872787475586
589,1,1000,1000,179.786865234375,9.241872787475586
590,1,1000,1000,179.786865234375,9.241872787475586
591,1,1000,1000,179.786865234375,9.241872787475586
592,1,1000,1000,179.786865234375,9.241872787475586
593,1,1000,1000,179.786865234375,9.241872787475586
594,1,1000,1000,179.786865234375,9.241872787475586
595,1,1000,1000,179.786865234375,9.241872787475586
596,1,1000,1000,179.786865234375,9.241872787475586
597,1,1000,1000,179.786865234375,9.241872787475586
598,1,1000,1000,179.786865234375,9.241872787475586
599,1,1000,1000,179.786865234375,9.241872787475586
600,1,1000,1000,179.786865234375,9.241872787475586
601,1,1000,1000,179.786865234375,9.241872787475586
602,1,1000,1000,179.786865234375,9.241872787475586
603,1,1000,1000,179.786865234375,9.241872787475586
604,1,1000,1000,179.786865234375,9.241872787475586
605,1,1000,1000,179.786865234375,9.241872787475586
606,1,1000,1000,179.786865234375,9.241872787475586
607,1,1000,1000,179.786865234375,9.241872787475586
608,1,1000,1000,179.786865234375,9.241872787475586
609,1,1000,1000,179.786865234375,9.241872787475586
610,1,1000,1000,179.786865234375,9.241872787475586
611,1,1000,1000,179.786865234375,9.241872787475586
612,1,1000,1000,179.786865234375,9.241872787475586
613,1,1000,1000,179.786865234375,9.241872787475586
614,1,1000,1000,179.786865234375,9.241872787475586
615,1,1000,1000,179.786865234375,9.241872787475586
616,1,1000,1000,179.786865234375,9.241872787475586
617,1,1000,1000,179.786865234375,9.241872787475586
618,1,1000,1000,179.786865234375,9.241872787475586
619,1,1000,1000,179.786865234375,9.241872787475586
620,1,1000,1000,179.786865234375,9.241872787475586
621,1,1000,1000,179.786865234375,9.241872787475586
622,1,1000,1000,179.786865234375,9.241872787475586
623,1,1000,1000,179.786865234375,9.241872787475586
624,1,1000,1000,179.786865234375,9.241872787475586
625,1,1000,1000,179.786865234375,9.241872787475586
626,1,1000,1000,179.786865234375,9.241872787475586
627,1,1000,1000,179.786865234375,9.241872787475586
628,1,1000,1000,179.786865234375,9.241872787475586
629,1,1000,1000,179.786865234375,9.241872787475586
630,1,1000,1000,179.786865234375,9.241872787475586
631,1,1000,1000,179.786865234375,9.241872787475586
632,1,1000,1000,179.786865234375,9.241872787475586
633,1,1000,1000,179.786865234375,9.241872787475586
634,1,1000,1000,179.786865234375,9.241872787475586
635,1,1000,1000,179.786865234375,9.241872787475586
636,1,1000,1000,179.786865234375,9.241872787475586
637,1,1000,1000,179.786865234375,9.241872787475586
638,1,1000,1000,179.786865234375,9.241872787475586
639,1,1000,1000,179.786865234375,9.241872787475586
640,1,1000,1000,179.786865234375,9.241872787475586
641,1,1000,1000,179.786865234375,9.241872787475586
642,1,1000,1000,179.786865234375,9.241872787475586
643,1,1000,1000,179.786865234375,9.241872787475586
644,1,1000,1000,179.786865234375,9.241872787475586
645,1,1000,1000,179.786865234375,9.241872787475586
646,1,1000,1000,179.786865234375,9.241872787475586
647,1,1000,1000,179.786865234375,9.241872787475586
648,1,1000,1000,179.786865234375,9.241872787475586
649,1,1000,1000,179.786865234375,9.241872787475586
650,1,1000,1000,179.786865234375,9.241872787475586
651,1,1000,1000,179.786865234375,9.241872787475586
652,1,1000,1000,179.786865234375,9.241872787475586
653,1,1000,1000,179.786865234375,9.241872787475586
654,1,1000,1000,179.786865234375,9.241872787475586
655,1,1000,1000,179.786865234375,9.241872787475586
656,1,1000,1000,179.786865234375,9.241872787475586
657,1,1000,1000,179.786865234375,9.241872787475586
658,1,1000,1000,179.786865234375,9.241872787475586
659,1,1000,1000,179.786865234375,9.241872787475586
660,1,1000,1000,179.786865234375,9.241872787475586
661,1,1000,1000,179.786865234375,9.241872787475586
662,1,1000,1000,179.786865234375,9.241872787475586
663,1,1000,1000,179.786865234375,9.241872787475586
664,1,1000,1000,179.786865234375,9.241872787475586
665,1,1000,1000,179.786865234375,9.241872787475586
666,1,1000,1000,179.786865234375,9.241872787475586
667,1,1000,1000,179.786865234375,9.241872787475586
668,1,1000,1000,179.786865234375,9.241872787475586
669,1,1000,1000,179.786865234375,9.241872787475586
670,1,1000,1000,179.786865234375,9.241872787475586
671,1,1000,1000,179.786865234375,9.241872787475586
672,1,1000,1000,179.786865234375,9.241872787475586
673,1,1000,1000,179.786865234375,9.241872787475586
674,1,1000,1000,179.786865234375,9.241872787475586
675,1,1000,1000,179.786865234375,9.241872787475586
676,1,1000,1000,179.786865234375,9.241872787475586
677,1,1000,1000,179.786865234375,9.241872787475586
678,1,1000,1000,179.786865234375,9.241872787475586
679,1,1000,1000,179.786865234375,9.241872787475586
680,1,1000,1000,179.786865234375,9.241872787475586
681,1,1000,1000,179.786865234375,9.241872787475586
682,1,1000,1000,179.786865234375,9.241872787475586
683,1,1000,1000,179.786865234375,9.241872787475586
684,1,1000,1000,179.786865234375,9.241872787475586
685,1,1000,1000,179.78677368164062,9.241872787475586
686,1,1000,1000,179.78683471679688,9.241872787475586
687,1,1000,1000,179.786865234375,9.241872787475586
688,1,1000,1000,179.786865234375,9.241872787475586
689,1,1000,1000,179.78695678710938,9.241872787475586
690,1,1000,1000,179.7869873046875,9.241872787475586
691,1,1000,1000,179.7869873046875,9.241872787475586
692,1,1000,1000,179.78689575195312,9.241872787475586
693,1,1000,1000,179.7867889404297,9.241872787475586
694,1,1000,1000,179.7867431640625,9.241872787475586
695,1,1000,1000,179.7867431640625,9.241872787475586
696,1,1000,1000,179.7867431640625,9.241872787475586
697,1,1000,1000,179.7867431640625,9.241872787475586
698,1,1000,1000,179.7867431640625,9.241872787475586
699,1,1000,1000,179.7866668701172,9.241872787475586
700,1,1000,1000,179.78671264648438,9.241872787475586
701,1,1000,1000,179.7867431640625,9.241872787475586
702,1,1000,1000,179.7867431640625,9.24187183380127
703,1,1000,1000,179.78672790527344,9.24186897277832
704,1,1000,1000,179.78668212890625,9.241861343383789
705,1,1000,1000,179.7866973876953,9.241852760314941
706,1,1000,1000,179.7866973876953,9.24184513092041
707,1,1000,1000,179.78672790527344,9.241841316223145
708,1,1000,1000,179.7867431640625,9.241840362548828
709,1,1000,1000,179.7867431640625,9.241841316223145
710,1,1000,1000,179.7867431640625,9.241842269897461
711,1,1000,1000,179.78665161132812,9.241843223571777
712,1,1000,1000,179.78668212890625,9.241843223571777
713,1,1000,1000,179.78677368164062,9.241843223571777
714,1,1000,1000,179.78697204589844,9.241842269897461
715,1,1000,1000,179.78689575195312,9.241842269897461
716,1,1000,1000,179.78680419921875,9.241842269897461
717,1,1000,1000,179.78689575195312,9.241842269897461
718,1,1000,1000,179.78692626953125,9.241842269897461
719,1,1000,1000,179.78689575195312,9.241842269897461
720,1,1000,1000,179.78695678710938,9.241842269897461
721,1,1000,1000,179.78683471679688,9.241842269897461
722,1,1000,1000,179.78677368164062,9.241842269897461
723,1,1000,1000,179.78680419921875,9.241842269897461
724,1,1000,1000,179.78684997558594,9.241842269897461
725,1,1000,1000,179.78680419921875,9.241842269897461
726,1,1000,1000,179.7868194580078,9.241842269897461
727,1,1000,1000,179.78677368164062,9.241842269897461
728,1,1000,1000,179.78680419921875,9.241842269897461
729,1,1000,1000,179.78677368164062,9.241842269897461
730,1,1000,1000,179.78668212890625,9.241842269897461
731,1,1000,1000,179.7867431640625,9.241842269897461
732,1,1000,1000,179.7868194580078,9.241842269897461
733,1,1000,1000,179.78680419921875,9.241842269897461
734,1,1000,1000,179.78683471679688,9.241842269897461
735,1,1000,1000,179.7867889404297,9.241842269897461
736,1,1000,1000,179.78680419921875,9.241842269897461
737,1,1000,1000,179.78692626953125,9.241842269897461
738,1,1000,1000,179.78689575195312,9.241842269897461
739,1,1000,1000,179.78680419921875,9.241842269897461
740,1,1000,1000,179.786865234375,9.241842269897461
741,1,1000,1000,179.786865234375,9.241842269897461
742,1,1000,1000,179.78684997558594,9.241842269897461
743,1,1000,1000,179.78683471679688,9.241842269897461
744,1,1000,1000,179.78683471679688,9.241842269897461
745,1,1000,1000,179.7868194580078,9.241842269897461
746,1,1000,1000,179.786865234375,9.241842269897461
747,1,1000,1000,179.786865234375,9.241842269897461
748,1,1000,1000,179.78680419921875,9.241842269897461
749,1,1000,1000,179.7867431640625,9.241842269897461
750,1,1000,1000,179.78656005859375,9.241842269897461
751,1,1000,1000,179.786376953125,9.241842269897461
752,1,1000,1000,179.78622436523438,9.241842269897461
753,1,1000,1000,179.78634643554688,9.241842269897461
754,1,1000,1000,179.786376953125,9.241842269897461
755,1,1000,1000,179.786376953125,9.241842269897461
756,1,1000,1000,179.78634643554688,9.241842269897461
757,1,1000,1000,179.78640747070312,9.241842269897461
758,1,1000,1000,179.78643798828125,9.241842269897461
759,1,1000,1000,179.7864532470703,9.241842269897461
760,1,1000,1000,179.78646850585938,9.241842269897461
761,1,1000,1000,179.78646850585938,9.241842269897461
762,1,1000,1000,179.7864990234375,9.241842269897461
763,1,1000,1000,179.78652954101562,9.241842269897461
764,1,1000,1000,179.78652954101562,9.241842269897461
765,1,1000,1000,179.78652954101562,9.241842269897461
766,1,1000,1000,179.78652954101562,9.241842269897461
767,1,1000,1000,179.78652954101562,9.241842269897461
768,1,1000,1000,179.78652954101562,9.241842269897461
769,1,1000,1000,179.78652954101562,9.241842269897461
770,1,1000,1000,179.78652954101562,9.241842269897461
771,1,1000,1000,179.78652954101562,9.241842269897461
772,1,1000,1000,179.78652954101562,9.241842269897461
773,1,1000,1000,179.78656005859375,9.241842269897461
774,1,1000,1000,179.78659057617188,9.241842269897461
775,1,1000,1000,179.78659057617188,9.241842269897461
776,1,1000,1000,179.78659057617188,9.241842269897461
777,1,1000,1000,179.78660583496094,9.241842269897461
778,1,1000,1000,179.78660583496094,9.241842269897461
779,1,1000,1000,179.78662109375,9.241842269897461
780,1,1000,1000,179.78671264648438,9.241842269897461
781,1,1000,1000,179.78675842285156,9.241842269897461
782,1,1000,1000,179.78677368164062,9.241842269897461
783,1,1000,1000,179.7866973876953,9.241842269897461
