1,1,1000,1000,237.38702392578125,30.0
2,1,1000,1000,243.68292236328125,29.975475311279297
3,1,1000,1000,243.06832885742188,29.92667007446289
4,1,1000,1000,241.7094268798828,29.85382843017578
5,1,1000,1000,240.52789306640625,29.757190704345703
6,1,1000,1000,239.38497924804688,29.636993408203125
7,1,1000,1000,238.24530029296875,29.493473052978516
8,1,1000,1000,237.11097717285156,29.32686424255371
9,1,1000,1000,235.98309326171875,29.13739585876465
10,1,1000,1000,234.8616180419922,28.925296783447266
11,1,1000,1000,233.7464599609375,28.690793991088867
12,1,1000,1000,232.63763427734375,28.434110641479492
13,1,1000,1000,231.53509521484375,28.15546989440918
14,1,1000,1000,230.4388427734375,27.855091094970703
15,1,1000,1000,229.34872436523438,27.53318977355957
16,1,1000,1000,228.2648468017578,27.189983367919922
17,1,1000,1000,227.18707275390625,26.82568359375
18,1,1000,1000,226.115478515625,26.440502166748047
19,1,1000,1000,225.05003356933594,26.03464698791504
20,1,1000,1000,223.99081420898438,25.608325958251953
21,1,1000,1000,222.9376220703125,25.1617431640625
22,1,1000,1000,221.8905029296875,24.695100784301758
23,1,1000,1000,220.8492889404297,24.208599090576172
24,1,1000,1000,219.81402587890625,23.702438354492188
25,1,1000,1000,218.78472900390625,23.17681312561035
26,1,1000,1000,217.76123046875,22.631919860839844
27,1,1000,1000,216.74354553222656,22.067951202392578
28,1,1000,1000,215.73165893554688,21.485095977783203
29,1,1000,1000,214.72552490234375,20.883544921875
30,1,1000,1000,213.72509765625,20.263484954833984
31,1,1000,1000,212.73028564453125,19.625099182128906
32,1,1000,1000,211.7411346435547,18.96857261657715
33,1,1000,1000,210.75759887695312,18.294086456298828
34,1,1000,1000,209.77963256835938,17.60181999206543
35,1,1000,1000,208.80722045898438,16.891950607299805
36,1,1000,1000,207.84033203125,16.164655685424805
37,1,1000,1000,206.87887573242188,15.420108795166016
38,1,1000,1000,205.9228973388672,14.658482551574707
39,1,1000,1000,204.97232055664062,13.879947662353516
40,1,1000,1000,204.027099609375,13.084672927856445
41,1,1000,1000,203.0873260498047,12.272826194763184
42,1,1000,1000,202.15283203125,11.444572448730469
43,1,1000,1000,201.22360229492188,10.600076675415039
44,1,1000,1000,200.29965209960938,9.739500999450684
45,1,1000,1000,199.38095092773438,8.863005638122559
46,1,1000,1000,198.9540557861328,8.578380584716797
47,1,1000,1000,198.87815856933594,8.723734855651855
48,1,1000,1000,198.93057250976562,9.022008895874023
49,1,1000,1000,198.979736328125,9.29323959350586
50,1,1000,1000,199.0241241455078,9.536835670471191
51,1,1000,1000,199.06808471679688,9.753229141235352
52,1,1000,1000,199.1118927001953,9.942788124084473
53,1,1000,1000,199.15548706054688,10.105839729309082
54,1,1000,1000,199.1988983154297,10.242683410644531
55,1,1000,1000,199.24200439453125,10.353602409362793
56,1,1000,1000,199.284912109375,10.438868522644043
57,1,1000,1000,199.32754516601562,10.498745918273926
58,1,1000,1000,199.36990356445312,10.533493041992188
59,1,1000,1000,199.41204833984375,10.543363571166992
60,1,1000,1000,199.45394897460938,10.528608322143555
61,1,1000,1000,199.49560546875,10.489474296569824
62,1,1000,1000,199.53704833984375,10.4262056350708
63,1,1000,1000,199.5782470703125,10.339043617248535
64,1,1000,1000,199.61920166015625,10.228228569030762
65,1,1000,1000,199.65994262695312,10.093996047973633
66,1,1000,1000,199.70040893554688,9.936580657958984
67,1,1000,1000,199.74066162109375,9.756214141845703
68,1,1000,1000,199.78076171875,9.553126335144043
69,1,1000,1000,199.820556640625,9.327545166015625
70,1,1000,1000,199.860107421875,9.079694747924805
71,1,1000,1000,199.8785858154297,9.026081085205078
72,1,1000,1000,199.88198852539062,9.094586372375488
73,1,1000,1000,199.8798065185547,9.19373607635498
74,1,1000,1000,199.87774658203125,9.267501831054688
75,1,1000,1000,199.8758544921875,9.315873146057129
76,1,1000,1000,199.87396240234375,9.339156150817871
77,1,1000,1000,199.87210083007812,9.33763313293457
78,1,1000,1000,199.87025451660156,9.31157112121582
79,1,1000,1000,199.86837768554688,9.26122760772705
80,1,1000,1000,199.86752319335938,9.226984024047852
81,1,1000,1000,199.8670654296875,9.216315269470215
82,1,1000,1000,199.86705017089844,9.222267150878906
83,1,1000,1000,199.86717224121094,9.233893394470215
84,1,1000,1000,199.8673095703125,9.243183135986328
85,1,1000,1000,199.86737060546875,9.247180938720703
86,1,1000,1000,199.86712646484375,9.246773719787598
87,1,1000,1000,199.8670196533203,9.244365692138672
88,1,1000,1000,199.8669891357422,9.242046356201172
89,1,1000,1000,199.8670196533203,9.240811347961426
90,1,1000,1000,199.86703491210938,9.240669250488281
91,1,1000,1000,199.8670654296875,9.241134643554688
92,1,1000,1000,199.86705017089844,9.241697311401367
93,1,1000,1000,199.86703491210938,9.24205493927002
94,1,1000,1000,199.86703491210938,9.242152214050293
95,1,1000,1000,199.86703491210938,9.24207592010498
96,1,1000,1000,199.86703491210938,9.24194622039795
97,1,1000,1000,199.86703491210938,9.24184799194336
98,1,1000,1000,199.86703491210938,9.241809844970703
99,1,1000,1000,199.8670196533203,9.24181842803955
100,1,1000,1000,199.86703491210938,9.241847038269043
101,1,1000,1000,199.86703491210938,9.241872787475586
102,1,1000,1000,199.8670196533203,9.2418851852417
103,1,1000,1000,199.8670196533203,9.241886138916016
104,1,1000,1000,199.8670196533203,9.241880416870117
105,1,1000,1000,199.8670196533203,9.241873741149902
106,1,1000,1000,199.8670196533203,9.241869926452637
107,1,1000,1000,199.8670196533203,9.24186897277832
108,1,1000,1000,199.86700439453125,9.241869926452637
109,1,1000,1000,199.86700439453125,9.24187183380127
110,1,1000,1000,199.86700439453125,9.241872787475586
111,1,1000,1000,199.86700439453125,9.241872787475586
112,1,1000,1000,199.8670196533203,9.241872787475586
113,1,1000,1000,199.86700439453125,9.241872787475586
114,1,1000,1000,199.86700439453125,9.241872787475586
115,1,1000,1000,199.86700439453125,9.241872787475586
116,1,1000,1000,199.86700439453125,9.241872787475586
117,1,1000,1000,199.86700439453125,9.241872787475586
118,1,1000,1000,199.86700439453125,9.241872787475586
119,1,1000,1000,199.86697387695312,9.241872787475586
120,1,1000,1000,199.86700439453125,9.241872787475586
121,1,1000,1000,199.86700439453125,9.241872787475586
122,1,1000,1000,199.86700439453125,9.241872787475586
123,1,1000,1000,199.86700439453125,9.241872787475586
124,1,1000,1000,199.86700439453125,9.241872787475586
125,1,1000,1000,199.8669891357422,9.241872787475586
126,1,1000,1000,199.8670196533203,9.241872787475586
127,1,1000,1000,199.86700439453125,9.241872787475586
128,1,1000,1000,199.86700439453125,9.241872787475586
129,1,1000,1000,199.86700439453125,9.241872787475586
130,1,1000,1000,199.86700439453125,9.241872787475586
131,1,1000,1000,199.86700439453125,9.241872787475586
132,1,1000,1000,199.8669891357422,9.241872787475586
133,1,1000,1000,199.8669891357422,9.241872787475586
134,1,1000,1000,199.8670196533203,9.241872787475586
135,1,1000,1000,199.86700439453125,9.241872787475586
136,1,1000,1000,199.86700439453125,9.241872787475586
137,1,1000,1000,199.86700439453125,9.241872787475586
138,1,1000,1000,199.86700439453125,9.241872787475586
139,1,1000,1000,199.8670196533203,9.241872787475586
140,1,1000,1000,199.86700439453125,9.241872787475586
141,1,1000,1000,199.86700439453125,9.241872787475586
142,1,1000,1000,199.86700439453125,9.241872787475586
143,1,1000,1000,199.86700439453125,9.241872787475586
144,1,1000,1000,199.86700439453125,9.241872787475586
145,1,1000,1000,199.86697387695312,9.241872787475586
146,1,1000,1000,199.86700439453125,9.241872787475586
147,1,1000,1000,199.86700439453125,9.241872787475586
148,1,1000,1000,199.86700439453125,9.241872787475586
149,1,1000,1000,199.86700439453125,9.241872787475586
150,1,1000,1000,199.86700439453125,9.241872787475586
151,1,1000,1000,199.86700439453125,9.241872787475586
152,1,1000,1000,199.86700439453125,9.241872787475586
153,1,1000,1000,199.8670196533203,9.241872787475586
154,1,1000,1000,199.86700439453125,9.241872787475586
155,1,1000,1000,199.86700439453125,9.241872787475586
156,1,1000,1000,199.86700439453125,9.241872787475586
157,1,1000,1000,199.86700439453125,9.241872787475586
158,1,1000,1000,199.86700439453125,9.241872787475586
159,1,1000,1000,199.8670196533203,9.241872787475586
160,1,1000,1000,199.86700439453125,9.241872787475586
161,1,1000,1000,199.86700439453125,9.241872787475586
162,1,1000,1000,199.86700439453125,9.241872787475586
163,1,1000,1000,199.86700439453125,9.241872787475586
164,1,1000,1000,199.86700439453125,9.241872787475586
165,1,1000,1000,199.8669891357422,9.241872787475586
166,1,1000,1000,199.8670196533203,9.241872787475586
167,1,1000,1000,199.86700439453125,9.241872787475586
168,1,1000,1000,199.86700439453125,9.241872787475586
169,1,1000,1000,199.86700439453125,9.241872787475586
170,1,1000,1000,199.86700439453125,9.241872787475586
171,1,1000,1000,199.8669891357422,9.241872787475586
172,1,1000,1000,199.8670196533203,9.241872787475586
173,1,1000,1000,199.86700439453125,9.241872787475586
174,1,1000,1000,199.86700439453125,9.241872787475586
175,1,1000,1000,199.86700439453125,9.241872787475586
176,1,1000,1000,199.86700439453125,9.241872787475586
177,1,1000,1000,199.86700439453125,9.241872787475586
178,1,1000,1000,199.8670196533203,9.241872787475586
179,1,1000,1000,199.86700439453125,9.241872787475586
180,1,1000,1000,199.86700439453125,9.241872787475586
181,1,1000,1000,199.86700439453125,9.241872787475586
182,1,1000,1000,199.86700439453125,9.241872787475586
183,1,1000,1000,199.86700439453125,9.241872787475586
184,1,1000,1000,199.8669891357422,9.241872787475586
185,1,1000,1000,199.8670196533203,9.241872787475586
186,1,1000,1000,199.86700439453125,9.241872787475586
187,1,1000,1000,199.86700439453125,9.241872787475586
188,1,1000,1000,199.86700439453125,9.241872787475586
189,1,1000,1000,199.86700439453125,9.241872787475586
190,1,1000,1000,199.86700439453125,9.241872787475586
191,1,1000,1000,199.8670196533203,9.241872787475586
192,1,1000,1000,199.86700439453125,9.241872787475586
193,1,1000,1000,199.8669891357422,9.241872787475586
194,1,1000,1000,199.86700439453125,9.241872787475586
195,1,1000,1000,199.8670196533203,9.241872787475586
196,1,1000,1000,199.8670196533203,9.241872787475586
197,1,1000,1000,199.8670196533203,9.241872787475586
198,1,1000,1000,199.8670196533203,9.241872787475586
199,1,1000,1000,199.8670196533203,9.241872787475586
200,1,1000,1000,199.86700439453125,9.241872787475586
201,1,1000,1000,199.86700439453125,9.241872787475586
202,1,1000,1000,199.86700439453125,9.241872787475586
203,1,1000,1000,199.86700439453125,9.241872787475586
204,1,1000,1000,199.86700439453125,9.241872787475586
205,1,1000,1000,199.8669891357422,9.241872787475586
206,1,1000,1000,199.8670196533203,9.241872787475586
207,1,1000,1000,199.86700439453125,9.241872787475586
208,1,1000,1000,199.8670196533203,9.241872787475586
209,1,1000,1000,199.86700439453125,9.241872787475586
210,1,1000,1000,199.86700439453125,9.241872787475586
211,1,1000,1000,199.86700439453125,9.241872787475586
212,1,1000,1000,199.8670196533203,9.241872787475586
213,1,1000,1000,199.86700439453125,9.241872787475586
214,1,1000,1000,199.86700439453125,9.241872787475586
215,1,1000,1000,199.86700439453125,9.241872787475586
216,1,1000,1000,199.86700439453125,9.241872787475586
217,1,1000,1000,199.86700439453125,9.241872787475586
218,1,1000,1000,199.8670196533203,9.241872787475586
219,1,1000,1000,199.86700439453125,9.241872787475586
220,1,1000,1000,199.86700439453125,9.241872787475586
221,1,1000,1000,199.86700439453125,9.241872787475586
222,1,1000,1000,199.86700439453125,9.241872787475586
223,1,1000,1000,199.86700439453125,9.241872787475586
224,1,1000,1000,199.8669891357422,9.241872787475586
225,1,1000,1000,199.8670196533203,9.241872787475586
226,1,1000,1000,199.86700439453125,9.241872787475586
227,1,1000,1000,199.86700439453125,9.241872787475586
228,1,1000,1000,199.86700439453125,9.241872787475586
229,1,1000,1000,199.86700439453125,9.241872787475586
230,1,1000,1000,199.86700439453125,9.241872787475586
231,1,1000,1000,199.8670196533203,9.241872787475586
232,1,1000,1000,199.86700439453125,9.241872787475586
233,1,1000,1000,199.8669891357422,9.241872787475586
234,1,1000,1000,199.86700439453125,9.241872787475586
235,1,1000,1000,199.8670196533203,9.241872787475586
236,1,1000,1000,199.8670196533203,9.241872787475586
237,1,1000,1000,199.8670196533203,9.241872787475586
238,1,1000,1000,199.8670196533203,9.241872787475586
239,1,1000,1000,199.8670196533203,9.241872787475586
240,1,1000,1000,199.86700439453125,9.241872787475586
241,1,1000,1000,199.86700439453125,9.241872787475586
242,1,1000,1000,199.86700439453125,9.241872787475586
243,1,1000,1000,199.86700439453125,9.241872787475586
244,1,1000,1000,199.8669891357422,9.241872787475586
245,1,1000,1000,199.8670196533203,9.241872787475586
246,1,1000,1000,199.8670196533203,9.241872787475586
247,1,1000,1000,199.8670196533203,9.241872787475586
248,1,1000,1000,199.86700439453125,9.241872787475586
249,1,1000,1000,199.8670196533203,9.241872787475586
250,1,1000,1000,199.8670196533203,9.241872787475586
251,1,1000,1000,199.86700439453125,9.241872787475586
252,1,1000,1000,199.86700439453125,9.241872787475586
253,1,1000,1000,199.86700439453125,9.241872787475586
254,1,1000,1000,199.86700439453125,9.241872787475586
255,1,1000,1000,199.86700439453125,9.241872787475586
256,1,1000,1000,199.86700439453125,9.241872787475586
257,1,1000,1000,199.86700439453125,9.241872787475586
